{"hessian": [[8.031534922130039, -13.145966902802037, 10.772845112693059, -7.866675787428387, 12.444807787445663, -11.942388518698788], [-13.145966902802037, 20.28930781010796, -16.866089639108694, 12.454398002237262, -19.368923583704543, 18.671235457615907], [10.772845112693059, -16.866089639108694, 32.77094665033904, -12.517537868120538, 19.55426798284374, -21.002326138795766], [-7.866675787428387, 12.454398002237262, -12.517537868120538, 7.656025305424234, -12.307690855854286, 12.274118676325799], [12.444807787445663, -19.368923583704543, 19.55426798284374, -12.307690855854286, 19.08420604738165, -19.215801534934165], [-11.942388518698788, 18.671235457615907, -21.002326138795766, 12.274118676325799, -19.215801534934165, 22.13719821867155]], "frequencies": ["234.0081724404508j", "73.24140010607972j", "45.32406956814924j", "(462.1308395086842+0j)", "(686.1941179668979+0j)", "(3688.083775924984+0j)"]}