{"hessian": [[21.256402553194036, 7.893878058874792, -6.848930312064978, -5.380020509474928, -2.6668574707700845, 10.46133025367166, -8.365309106770269, -4.113128710025013, -5.656009150565259], [7.893878058874792, 12.192376879070613, -3.8989943832373175, -2.664151384692831, -2.3056239043673195, 6.082310910222267, -4.110789006148243, -3.618506311614736, -3.2198760497310674], [-6.848930312064978, -3.8989943832373175, 36.082218989695924, 8.788570536939059, 5.020991664032965, -23.972303816765653, -0.31249187822268754, -0.18049144192226968, -4.6535617390115025], [-5.380020509474928, -2.664151384692831, 8.788570536939059, 7.037610717555944, 3.518696086893617, -10.044946524459313, -1.6895490203757997, -1.2650213219000794, 1.8187083876829968], [-2.6668574707700845, -2.3056239043673195, 5.020991664032965, 3.518696086893617, 2.9745478138390706, -5.842696951106228, -1.2656319589008849, -0.229528806965895, 1.0034694250603686], [10.46133025367166, 6.082310910222267, -23.972303816765653, -10.044946524459313, -5.842696951106228, 25.078116003161004, -0.34880228261794777, -0.2013816551077178, 0.26502931386535], [-8.365309106770269, -4.110789006148243, -0.31249187822268754, -1.6895490203757997, -1.2656319589008849, -0.34880228261794777, 9.87373033719138, 5.127570317826169, 3.2503500499502085], [-4.113128710025013, -3.618506311614736, -0.18049144192226968, -1.2650213219000794, -0.229528806965895, -0.2013816551077178, 5.127570317826169, 3.9570691758928627, 1.8778373326346693], [-5.656009150565259, -3.2198760497310674, -4.6535617390115025, 1.8187083876829968, 1.0034694250603686, 0.26502931386535, 3.2503500499502085, 1.8778373326346693, 9.036373459623793]], "frequencies": ["(322.81460773781345+0j)", "(353.48445021264587+0j)", "(384.366019771306+0j)", "(485.38005415644517+0j)", "(644.7224465802628+0j)", "(665.923214599496+0j)", "(1519.1982407994196+0j)", "(2088.692870542241+0j)", "(3011.20914056096+0j)"]}