{"hessian": [[7.966061780127894, -1.3694852433431255, -0.1671345609993896, -1.009055146678262, 0.013613991239008793, -0.04460221209040697, -0.4868898056527099, -0.01812627728706548, -0.08840095444291235], [-1.3694852433431255, 11.234705229070652, 8.625800423555951, 0.018968313572386666, -2.8950942983974333, -6.927946739969197, 0.014668143535136005, 1.720138720237199, 1.8669872772940428], [-0.1671345609993896, 8.625800423555951, 42.4280872572237, -0.02019601533190083, -5.62887758445579, -28.580704128749165, 0.0031817401620914867, -3.5728499472282014, -2.7337832860583564], [-1.009055146678262, 0.018968313572386666, -0.02019601533190083, 1.3677497487092571, -0.014359611155781785, -0.06446398401134058, 0.14013155004798453, 0.023705571147055883, -0.028102157552854806], [0.013613991239008793, -2.8950942983974333, -5.62887758445579, -0.014359611155781785, 4.790350854949814, 6.913079335939061, 0.00854891801127561, -1.6769506148854991, -1.4091702206375727], [-0.04460221209040697, -6.927946739969197, -28.580704128749165, -0.06446398401134058, 6.913079335939061, 29.56598942670134, 0.0023397038767701377, -0.08662689326162501, 0.16425492545874917], [-0.4868898056527099, 0.014668143535136005, 0.0031817401620914867, 0.14013155004798453, 0.00854891801127561, 0.0023397038767701377, 0.5699492932780508, -0.0032781565306394967, 0.1754520797261493], [-0.01812627728706548, 1.720138720237199, -3.5728499472282014, 0.023705571147055883, -1.6769506148854991, -0.08662689326162501, -0.0032781565306394967, -1.2377162063272231, -0.4995139221746234], [-0.08840095444291235, 1.8669872772940428, -2.7337832860583564, -0.028102157552854806, -1.4091702206375727, 0.16425492545874917, 0.1754520797261493, -0.4995139221746234, 12.871752322892993]], "frequencies": ["767.9459477976443j", "(346.7923715930008+0j)", "(402.8391553255612+0j)", "(456.8223688836148+0j)", "(581.3543592171774+0j)", "(638.4943770826585+0j)", "(994.0668451634241+0j)", "(1884.3911155274543+0j)", "(3023.043154154271+0j)"]}