{"hessian": [[1.2342735193669796, -0.07813302800059319, -7.066689804196358, -0.052539072930812836, 0.021111825481057167, 0.030524982139468193], [-0.07813302800059319, 0.20532384514808655, 0.862993998453021, 0.032150838524103165, 0.03736910875886679, -0.01962035894393921], [-7.066689804196358, 0.862993998453021, 44.91758644580841, 0.00581683125346899, -0.020794454030692577, 0.08798004128038883], [-0.052539072930812836, 0.032150838524103165, 0.00581683125346899, 1.2971089221537113, -0.19280791748315096, 0.08091407362371683], [0.021111825481057167, 0.03736910875886679, -0.020794454030692577, -0.19280791748315096, 1.4942950569093227, -0.389253837056458], [0.030524982139468193, -0.01962035894393921, 0.08798004128038883, 0.08091407362371683, -0.389253837056458, 3.278777003288269]], "frequencies": ["(40.29163878623436+0j)", "(65.35140925776899+0j)", "(561.6459573815999+0j)", "(643.3728018699429+0j)", "(944.2907593697818+0j)", "(954.2534327871599+0j)"]}