{"hessian": [[23.884777037397576, -9.180155976160803, -6.5070635802245995, -6.294741881165611, 3.2145410106713994, 11.204411206072802, -10.86692177736451, 5.341987465961607, -6.4002085328415586], [-9.180155976160803, 11.242649937839024, 3.4094049192652567, 3.2097073367281816, -2.578385810990237, -6.457454144727588, 5.432850251681449, -4.410116836185146, 3.628951418207459], [-6.5070635802245995, 3.4094049192652567, 36.52863963158999, 9.684741399321062, -5.584969570218929, -23.308772796174694, -1.3897391084961548, 0.7586554098006287, -4.984347016226739], [-6.294741881165611, 3.2097073367281816, 9.684741399321062, 7.876291713251596, -4.01660949735034, -10.66199842765212, -1.7231661942096124, 1.2974107939743784, 1.8959828931954443], [3.2145410106713994, -2.578385810990237, -5.584969570218929, -4.01660949735034, 3.2115906697938232, 6.186556287896604, 1.2871135258134285, -0.18601931371903452, -1.0795869341502375], [11.204411206072802, -6.457454144727588, -23.308772796174694, -10.66199842765212, 6.186556287896604, 24.20864604710895, -0.5043475961178411, 0.2857009832820886, 0.37203219968016576], [-10.86692177736451, 5.432850251681449, -1.3897391084961548, -1.7231661942096124, 1.2871135258134285, -0.5043475961178411, 12.748853591783526, -6.5112094840721735, 4.340356379661557], [5.341987465961607, -4.410116836185146, 0.7586554098006287, 1.2974107939743784, -0.18601931371903452, 0.2857009832820886, -6.5112094840721735, 4.866301242334199, -2.4563805382293182], [-6.4002085328415586, 3.628951418207459, -4.984347016226739, 1.8959828931954443, -1.0795869341502375, 0.37203219968016576, 4.340356379661557, -2.4563805382293182, 7.775324492107899]], "frequencies": ["(275.5086407686189+0j)", "(326.09399369308437+0j)", "(373.1374057412387+0j)", "(490.1118524014019+0j)", "(580.024953202394+0j)", "(692.1114016474103+0j)", "(1443.0494007286484+0j)", "(2322.926936872412+0j)", "(3023.0047862438264+0j)"]}