Python path: /home/lekia.p/miniforge3/envs/pynta_env/bin/python
Conda environment: pynta_fairchem
ASE version: 3.22.1
2025-07-12 13:53:26,965 INFO Hostname/IP lookup (this will take a few seconds)
2025-07-12 13:53:26,965 INFO Launching Rocket
✅ Patched scipy.linalg.lapack.dsyevr
2025-07-12 13:53:33,834 INFO RUNNING fw_id: 7 in directory: /projects/westgroup/lekia.p/pynta/Fe/block_2025-07-12-17-50-43-929229/launcher_2025-07-12-17-53-03-489781
2025-07-12 13:53:33,892 INFO Task started: {{pynta.tasks.MolecularAdsorbateEstimate}}.
initial geometries
4
------------------------------------------------------------
  cycle        total energy    energy error   density error
------------------------------------------------------------
      1     -77.70191344877  -7.7774416E+01   1.2602200E+00
      2      736.4045193720   8.1410643E+02   2.9740986E+00
      3      865.0955767813   1.2869106E+02   2.9530312E+00
      4      416.4397592453  -4.4865582E+02   2.8952486E+00
      5      679.3789813532   2.6293922E+02   2.7242135E+00
      6      178.9404281856  -5.0043855E+02   2.2387618E+00
      7      207.0198820244   2.8079454E+01   2.3104574E+00
      8      257.6936682345   5.0673786E+01   2.3826189E+00
      9      288.9597052553   3.1266037E+01   2.3998475E+00
     10      383.0138880507   9.4054183E+01   2.5209017E+00
     11      440.8669197161   5.7853032E+01   2.3992966E+00
     12      456.6504002552   1.5783481E+01   2.4359034E+00
     13      472.6863049032   1.6035905E+01   2.4816686E+00
     14      474.0773000101   1.3909951E+00   2.4944639E+00
     15      482.3716555876   8.2943556E+00   2.5088286E+00
     16      484.4837813736   2.1121258E+00   2.5032918E+00
     17      502.2675041323   1.7783723E+01   2.5312933E+00
     18      518.3523954734   1.6084891E+01   2.5673700E+00
     19      542.1407051884   2.3788310E+01   2.6249496E+00
     20      536.1585494400  -5.9821557E+00   2.6402727E+00
     21      258.0178238942  -2.7814073E+02   2.1737167E+00
     22      41.29152654619  -2.1672630E+02   1.7371641E+00
     23      28.51603923473  -1.2775487E+01   1.5810638E+00
     24      48.90121956318   2.0385180E+01   1.6637338E+00
     25      46.73463964343  -2.1665799E+00   1.6259736E+00
     26      158.7387821517   1.1200414E+02   1.9607125E+00
     27      156.5823948268  -2.1563873E+00   1.8673815E+00
     28      149.5846234031  -6.9977714E+00   1.8160718E+00
     29      135.0793751632  -1.4505248E+01   1.8015169E+00
     30      116.6656580427  -1.8413717E+01   1.8724386E+00
     31      138.7120477924   2.2046390E+01   1.8666336E+00
     32      114.9864479698  -2.3725600E+01   1.8653522E+00
     33      50.24062454052  -6.4745823E+01   1.6553408E+00
     34      38.68628516837  -1.1554339E+01   1.5626888E+00
     35      35.07790084506  -3.6083843E+00   1.5669355E+00
     36      22.75064190139  -1.2327259E+01   1.4798454E+00
     37      1.260128518413  -2.1490513E+01   1.4325435E+00
     38      22.52533554266   2.1265207E+01   1.4123043E+00
     39      22.23529504658  -2.9004050E-01   1.4212529E+00
     40      21.73392508573  -5.0136996E-01   1.4183271E+00
     41      22.43105802670   6.9713294E-01   1.4179024E+00
     42      21.52400542161  -9.0705261E-01   1.4188090E+00
     43      24.52578985081   3.0017844E+00   1.4330835E+00
     44      36.14311024166   1.1617320E+01   1.4733666E+00
     45      37.11377072985   9.7066049E-01   1.4568307E+00
     46      51.94223366791   1.4828463E+01   1.4520297E+00
     47      56.11562667079   4.1733930E+00   1.4528490E+00
     48      84.98834139971   2.8872715E+01   1.5668709E+00
     49      27.79404443489  -5.7194297E+01   1.5180462E+00
     50      13.96615345130  -1.3827891E+01   1.4560702E+00
     51      30.73850356706   1.6772350E+01   1.5342136E+00
     52      29.45891554526  -1.2795880E+00   1.5263212E+00
     53      17.39870428760  -1.2060211E+01   1.5138356E+00
     54      17.72578129863   3.2707701E-01   1.5135024E+00
     55     -8.408909466633  -2.6134691E+01   1.4167854E+00
     56     -14.72888657897  -6.3199771E+00   1.2895883E+00
     57     -2.193530233559   1.2535356E+01   1.3198983E+00
     58     -27.57182581243  -2.5378296E+01   1.2035771E+00
     59     -27.31534240952   2.5648340E-01   1.2042581E+00
     60     -13.60196846462   1.3713374E+01   1.2654115E+00
     61     -13.29100207094   3.1096639E-01   1.2668785E+00
     62     -22.52332142157  -9.2323194E+00   1.2231976E+00
     63     -33.22012855449  -1.0696807E+01   1.1546892E+00
     64     -51.89547225064  -1.8675344E+01   9.3282257E-01
     65     -45.13931278114   6.7561595E+00   8.9917827E-01
     66     -51.44244890746  -6.3031361E+00   8.5448249E-01
     67     -37.63715426647   1.3805295E+01   8.8266107E-01
     68     -41.11135205649  -3.4741978E+00   8.4680584E-01
     69     -68.59005971166  -2.7478708E+01   6.2713581E-01
     70     -57.90086703908   1.0689193E+01   6.8763973E-01
     71     -69.71496198369  -1.1814095E+01   6.0084265E-01
     72     -73.47448564483  -3.7595237E+00   5.2348702E-01
     73     -58.74912752336   1.4725358E+01   6.5849892E-01
     74     -70.87831979595  -1.2129192E+01   5.3492277E-01
     75     -76.06489331254  -5.1865735E+00   4.7418125E-01
     76     -78.29524296308  -2.2303497E+00   4.1419386E-01
     77     -31.59708334914   4.6698160E+01   8.5487297E-01
     78     -80.12275871165  -4.8525675E+01   3.3144940E-01
     79     -47.52834512187   3.2594414E+01   7.3344776E-01
     80     -79.96635082248  -3.2438006E+01   3.4501202E-01
     81     -79.18032367827   7.8602714E-01   3.4449777E-01
     82     -80.86370247856  -1.6833788E+00   3.2048329E-01
     83     -80.80642484784   5.7277631E-02   3.1477684E-01
     84     -81.83659018189  -1.0301653E+00   2.5990295E-01
     85     -80.75186734618   1.0847228E+00   2.5814897E-01
     86     -76.40918707645   4.3426803E+00   3.4945507E-01
     87     -81.44371679557  -5.0345297E+00   2.4235059E-01
     88     -83.52766350589  -2.0839467E+00   1.6310686E-01
     89     -82.67221828983   8.5544522E-01   1.8579253E-01
     90     -82.67344713170  -1.2288419E-03   1.8673206E-01
     91     -81.61490834491   1.0585388E+00   2.1864719E-01
     92     -82.62972238707  -1.0148140E+00   1.7416415E-01
     93     -82.95673847468  -3.2701609E-01   1.5733281E-01
     94     -83.78527704887  -8.2853857E-01   1.0289936E-01
     95     -84.37234734430  -5.8707030E-01   5.2925557E-02
     96     -84.43371263899  -6.1365295E-02   4.2159034E-02
     97     -84.42397775154   9.7348875E-03   3.9523410E-02
     98     -84.42674419892  -2.7664474E-03   3.4059952E-02
     99     -84.43087343910  -4.1292402E-03   3.1070758E-02
    100     -84.46745781326  -3.6584374E-02   1.9801986E-02
    101     -84.48771447801  -2.0256665E-02   8.5357157E-03
    102     -84.48445078679   3.2636912E-03   9.9207624E-03
    103     -84.48963756983  -5.1867830E-03   4.2669060E-03
    104     -84.49004545432  -4.0788450E-04   2.7405008E-03
    105     -84.49017198296  -1.2652864E-04   2.1201816E-03
    106     -84.49030731089  -1.3532793E-04   1.2352996E-03
    107     -84.49026119117   4.6119716E-05   1.4240816E-03
    108     -84.49027787313  -1.6681961E-05   1.2494835E-03
    109     -84.49031036411  -3.2490976E-05   1.0176220E-03
    110     -84.49032155555  -1.1191444E-05   9.0007179E-04
    111     -84.49034236907  -2.0813514E-05   6.7046011E-04
    112     -84.49035786832  -1.5499255E-05   4.7569799E-04
    113     -84.49037087461  -1.3006294E-05   2.0081278E-04
    114     -84.49037122328  -3.4866819E-07   1.6296735E-04
    115     -84.49037185519  -6.3190504E-07   1.0865226E-04
    116     -84.49037212647  -2.7128650E-07   7.3934456E-05
    117     -84.49037192834   1.9813814E-07   7.4555527E-05
    118     -84.49037227657  -3.4823344E-07   2.5454835E-05
    119     -84.49037227530   1.2716583E-09   2.5588706E-05
    120     -84.49037230114  -2.5843349E-08   1.1958897E-05
------------------------------------------------------------

 total:                                   3.741 sec
3
{'bond-orders': array([[0.        , 0.3757536 , 0.37222553, 0.72680974, 0.20903976,
        0.71206863, 0.72150794, 0.70688521, 0.21153335, 0.25069193,
        0.08849384, 0.08201735, 0.08884371, 0.25443509, 0.08256511,
        0.53544083, 0.53802381, 0.09740137, 0.19411978, 0.10656243,
        0.10729878, 0.04725261, 0.0263921 , 0.07069392, 0.04750358,
        0.07322336, 0.02897114, 0.00532508],
       [0.3757536 , 0.        , 0.38587437, 0.73908441, 0.70448298,
        0.20250175, 0.19880852, 0.73950763, 0.72833294, 0.10058733,
        0.23236787, 0.1012276 , 0.08276373, 0.08725286, 0.25359681,
        0.08376687, 0.51889232, 0.517165  , 0.10817465, 0.18712542,
        0.10889335, 0.05500991, 0.0579051 , 0.03627909, 0.03028887,
        0.06060564, 0.05196102, 0.00655772],
       [0.37222553, 0.38587437, 0.        , 0.19968891, 0.72599148,
        0.74421037, 0.73972356, 0.19958303, 0.70024724, 0.08412118,
        0.08321662, 0.25150367, 0.23782769, 0.10106182, 0.09927107,
        0.51921728, 0.08445878, 0.51962419, 0.10632635, 0.10979087,
        0.19114082, 0.0289274 , 0.05373298, 0.059896  , 0.05615982,
        0.03697296, 0.05966865, 0.00685201],
       [0.72680974, 0.73908441, 0.19968891, 0.        , 0.40312041,
        0.36341332, 0.72984094, 0.21813395, 0.7367675 , 0.54509074,
        0.50072837, 0.07916992, 0.23001164, 0.08264114, 0.10117361,
        0.0918198 , 0.24680806, 0.08702889, 0.06828767, 0.05649902,
        0.02665819, 0.14615496, 0.11919487, 0.07136212, 0.05555723,
        0.04218432, 0.04568367, 0.00989601],
       [0.20903976, 0.70448298, 0.72599148, 0.40312041, 0.        ,
        0.38858662, 0.73550888, 0.73589616, 0.23362816, 0.0544408 ,
        0.51145737, 0.55195402, 0.0845259 , 0.22618284, 0.09679384,
        0.08587033, 0.08119965, 0.25310912, 0.03495441, 0.06256571,
        0.06740019, 0.11690899, 0.11799292, 0.08942038, 0.05549442,
        0.05605947, 0.03148762, 0.00968812],
       [0.71206863, 0.20250175, 0.74421037, 0.36341332, 0.38858662,
        0.        , 0.21460359, 0.74079807, 0.72572361, 0.55212327,
        0.08140683, 0.51066526, 0.10759719, 0.10632126, 0.22437911,
        0.23408227, 0.10042452, 0.08696114, 0.05904157, 0.02562247,
        0.0474058 , 0.11768939, 0.10373632, 0.09809749, 0.03176269,
        0.05627825, 0.05339467, 0.01133587],
       [0.72150794, 0.19880852, 0.73972356, 0.72984094, 0.73550888,
        0.21460359, 0.        , 0.35926916, 0.39761708, 0.08562839,
        0.23139777, 0.10110295, 0.50522324, 0.5505636 , 0.07899278,
        0.2446148 , 0.09403874, 0.0882219 , 0.06816844, 0.0259694 ,
        0.05626637, 0.05403188, 0.04552965, 0.04244891, 0.14099102,
        0.08026668, 0.11877765, 0.00914565],
       [0.70688521, 0.73950763, 0.19958303, 0.21813395, 0.73589616,
        0.74079807, 0.35926916, 0.        , 0.38714152, 0.10863972,
        0.106213  , 0.22868494, 0.07872636, 0.55064234, 0.51638101,
        0.09836316, 0.24032135, 0.09097136, 0.06327382, 0.04693834,
        0.02576962, 0.02848064, 0.05188286, 0.05549924, 0.1150594 ,
        0.10461705, 0.10192759, 0.00960351],
       [0.21153335, 0.72833294, 0.70024724, 0.7367675 , 0.23362816,
        0.72572361, 0.39761708, 0.38714152, 0.        , 0.22459888,
        0.08594105, 0.09565997, 0.5195351 , 0.05344938, 0.54801272,
        0.08080583, 0.08708626, 0.25313623, 0.03538547, 0.06937089,
        0.06514902, 0.05232982, 0.03238188, 0.05181678, 0.1169671 ,
        0.09453956, 0.1159659 , 0.01022443],
       [0.25069193, 0.10058733, 0.08412118, 0.54509074, 0.0544408 ,
        0.55212327, 0.08562839, 0.10863972, 0.22459888, 0.        ,
        0.22845149, 0.23352883, 0.29684952, 0.11955454, 0.32345327,
        0.3281964 , 0.30449696, 0.07132901, 0.28066005, 0.12971778,
        0.10739897, 0.69321428, 0.11808668, 0.57152661, 0.12559912,
        0.10291901, 0.24659668, 0.05647358],
       [0.08849384, 0.23236787, 0.08321662, 0.50072837, 0.51145737,
        0.08140683, 0.23139777, 0.106213  , 0.08594105, 0.22845149,
        0.        , 0.23233385, 0.3276485 , 0.29469677, 0.09948094,
        0.08860289, 0.31939406, 0.31280761, 0.10973021, 0.2892188 ,
        0.10912026, 0.68513834, 0.69479076, 0.08089431, 0.27205184,
        0.11156329, 0.16355962, 0.02773575],
       [0.08201735, 0.1012276 , 0.25150367, 0.07916992, 0.55195402,
        0.51066526, 0.10110295, 0.22868494, 0.09565997, 0.23352883,
        0.23233385, 0.        , 0.09939401, 0.32037814, 0.32076875,
        0.35342205, 0.06591396, 0.3281764 , 0.10009943, 0.11492905,
        0.27093589, 0.13519994, 0.67415259, 0.64582222, 0.14217919,
        0.24428977, 0.11373879, 0.04937799],
       [0.08884371, 0.08276373, 0.23782769, 0.23001164, 0.0845259 ,
        0.10759719, 0.50522324, 0.07872636, 0.5195351 , 0.29684952,
        0.3276485 , 0.09939401, 0.        , 0.22711005, 0.23121807,
        0.32145456, 0.08619748, 0.3080615 , 0.1071712 , 0.11189597,
        0.29071434, 0.26153067, 0.16196952, 0.10544966, 0.6809122 ,
        0.08118277, 0.69992174, 0.02499463],
       [0.25443509, 0.08725286, 0.10106182, 0.08264114, 0.22618284,
        0.10632126, 0.5505636 , 0.55064234, 0.05344938, 0.11955454,
        0.29469677, 0.32037814, 0.22711005, 0.        , 0.23507809,
        0.31106768, 0.3197813 , 0.07464517, 0.28428773, 0.10589077,
        0.12979933, 0.1265738 , 0.2415137 , 0.09696836, 0.69283008,
        0.59579991, 0.11342667, 0.0457842 ],
       [0.08256511, 0.25359681, 0.09927107, 0.10117361, 0.09679384,
        0.22437911, 0.07899278, 0.51638101, 0.54801272, 0.32345327,
        0.09948094, 0.32076875, 0.23121807, 0.23507809, 0.        ,
        0.06336736, 0.35511346, 0.33091474, 0.09927569, 0.26595888,
        0.11167354, 0.13755023, 0.11676821, 0.23524612, 0.13996591,
        0.65905154, 0.67669068, 0.04035866],
       [0.53544083, 0.08376687, 0.51921728, 0.0918198 , 0.08587033,
        0.23408227, 0.2446148 , 0.09836316, 0.08080583, 0.3281964 ,
        0.08860289, 0.35342205, 0.32145456, 0.31106768, 0.06336736,
        0.        , 0.21917367, 0.224222  , 0.69555892, 0.15930382,
        0.69016401, 0.11692908, 0.11287587, 0.25522166, 0.25556025,
        0.10672595, 0.10863904, 0.01535528],
       [0.53802381, 0.51889232, 0.08445878, 0.24680806, 0.08119965,
        0.10042452, 0.09403874, 0.24032135, 0.08708626, 0.30449696,
        0.31939406, 0.06591396, 0.08619748, 0.3197813 , 0.35511346,
        0.21917367, 0.        , 0.22451344, 0.69486394, 0.68598231,
        0.15458487, 0.25887388, 0.11151971, 0.09986963, 0.11816458,
        0.26429089, 0.11158149, 0.01522449],
       [0.09740137, 0.517165  , 0.51962419, 0.08702889, 0.25310912,
        0.08696114, 0.0882219 , 0.09097136, 0.25313623, 0.07132901,
        0.31280761, 0.3281764 , 0.3080615 , 0.07464517, 0.33091474,
        0.224222  , 0.22451344, 0.        , 0.14151436, 0.70399136,
        0.70225745, 0.11629591, 0.27641216, 0.11657432, 0.11733865,
        0.12931958, 0.27684934, 0.02055556],
       [0.19411978, 0.10817465, 0.10632635, 0.06828767, 0.03495441,
        0.05904157, 0.06816844, 0.06327382, 0.03538547, 0.28066005,
        0.10973021, 0.10009943, 0.1071712 , 0.28428773, 0.09927569,
        0.69555892, 0.69486394, 0.14151436, 0.        , 0.38070085,
        0.38638789, 0.67448962, 0.14182977, 0.54708286, 0.67642053,
        0.567617  , 0.14101695, 0.07372105],
       [0.10656243, 0.18712542, 0.10979087, 0.05649902, 0.06256571,
        0.02562247, 0.0259694 , 0.04693834, 0.06937089, 0.12971778,
        0.2892188 , 0.11492905, 0.11189597, 0.10589077, 0.26595888,
        0.15930382, 0.68598231, 0.70399136, 0.38070085, 0.        ,
        0.36323575, 0.68376262, 0.62005983, 0.09068121, 0.15808585,
        0.54180955, 0.64948107, 0.06847024],
       [0.10729878, 0.10889335, 0.19114082, 0.02665819, 0.06740019,
        0.0474058 , 0.05626637, 0.02576962, 0.06514902, 0.10739897,
        0.10912026, 0.27093589, 0.29071434, 0.12979933, 0.11167354,
        0.69016401, 0.15458487, 0.70225745, 0.38638789, 0.36323575,
        0.        , 0.15823446, 0.64671421, 0.51460341, 0.67783987,
        0.10055656, 0.61312157, 0.07984098],
       [0.04725261, 0.05500991, 0.0289274 , 0.14615496, 0.11690899,
        0.11768939, 0.05403188, 0.02848064, 0.05232982, 0.69321428,
        0.68513834, 0.13519994, 0.26153067, 0.1265738 , 0.13755023,
        0.11692908, 0.25887388, 0.11629591, 0.67448962, 0.68376262,
        0.15823446, 0.        , 0.32031145, 0.27932983, 0.7175702 ,
        0.13220397, 0.65137063, 0.04260887],
       [0.0263921 , 0.0579051 , 0.05373298, 0.11919487, 0.11799292,
        0.10373632, 0.04552965, 0.05188286, 0.03238188, 0.11808668,
        0.69479076, 0.67415259, 0.16196952, 0.2415137 , 0.11676821,
        0.11287587, 0.11151971, 0.27641216, 0.14182977, 0.62005983,
        0.64671421, 0.32031145, 0.        , 0.25840358, 0.64684839,
        0.45882315, 0.24707122, 0.18784596],
       [0.07069392, 0.03627909, 0.059896  , 0.07136212, 0.08942038,
        0.09809749, 0.04244891, 0.05549924, 0.05181678, 0.57152661,
        0.08089431, 0.64582222, 0.10544966, 0.09696836, 0.23524612,
        0.25522166, 0.09986963, 0.11657432, 0.54708286, 0.09068121,
        0.51460341, 0.27932983, 0.25840358, 0.        , 0.12042492,
        0.31319634, 0.41051816, 1.2457987 ],
       [0.04750358, 0.03028887, 0.05615982, 0.05555723, 0.05549442,
        0.03176269, 0.14099102, 0.1150594 , 0.1169671 , 0.12559912,
        0.27205184, 0.14217919, 0.6809122 , 0.69283008, 0.13996591,
        0.25556025, 0.11816458, 0.11733865, 0.67642053, 0.15808585,
        0.67783987, 0.7175702 , 0.64684839, 0.12042492, 0.        ,
        0.28151995, 0.32400145, 0.04312659],
       [0.07322336, 0.06060564, 0.03697296, 0.04218432, 0.05605947,
        0.05627825, 0.08026668, 0.10461705, 0.09453956, 0.10291901,
        0.11156329, 0.24428977, 0.08118277, 0.59579991, 0.65905154,
        0.10672595, 0.26429089, 0.12931958, 0.567617  , 0.54180955,
        0.10055656, 0.13220397, 0.45882315, 0.31319634, 0.28151995,
        0.        , 0.27282045, 1.0010744 ],
       [0.02897114, 0.05196102, 0.05966865, 0.04568367, 0.03148762,
        0.05339467, 0.11877765, 0.10192759, 0.1159659 , 0.24659668,
        0.16355962, 0.11373879, 0.69992174, 0.11342667, 0.67669068,
        0.10863904, 0.11158149, 0.27684934, 0.14101695, 0.64948107,
        0.61312157, 0.65137063, 0.24707122, 0.41051816, 0.32400145,
        0.27282045, 0.        , 0.20026286],
       [0.00532508, 0.00655772, 0.00685201, 0.00989601, 0.00968812,
        0.01133587, 0.00914565, 0.00960351, 0.01022443, 0.05647358,
        0.02773575, 0.04937799, 0.02499463, 0.0457842 , 0.04035866,
        0.01535528, 0.01522449, 0.02055556, 0.07372105, 0.06847024,
        0.07984098, 0.04260887, 0.18784596, 1.2457987 , 0.04312659,
        1.0010744 , 0.20026286, 0.        ]])}
{'bond-orders': array([[0.        , 0.3757536 , 0.37222553, 0.72680974, 0.20903976,
        0.71206863, 0.72150794, 0.70688521, 0.21153335, 0.25069193,
        0.08849384, 0.08201735, 0.08884371, 0.25443509, 0.08256511,
        0.53544083, 0.53802381, 0.09740137, 0.19411978, 0.10656243,
        0.10729878, 0.04725261, 0.0263921 , 0.07069392, 0.04750358,
        0.07322336, 0.02897114, 0.00532508],
       [0.3757536 , 0.        , 0.38587437, 0.73908441, 0.70448298,
        0.20250175, 0.19880852, 0.73950763, 0.72833294, 0.10058733,
        0.23236787, 0.1012276 , 0.08276373, 0.08725286, 0.25359681,
        0.08376687, 0.51889232, 0.517165  , 0.10817465, 0.18712542,
        0.10889335, 0.05500991, 0.0579051 , 0.03627909, 0.03028887,
        0.06060564, 0.05196102, 0.00655772],
       [0.37222553, 0.38587437, 0.        , 0.19968891, 0.72599148,
        0.74421037, 0.73972356, 0.19958303, 0.70024724, 0.08412118,
        0.08321662, 0.25150367, 0.23782769, 0.10106182, 0.09927107,
        0.51921728, 0.08445878, 0.51962419, 0.10632635, 0.10979087,
        0.19114082, 0.0289274 , 0.05373298, 0.059896  , 0.05615982,
        0.03697296, 0.05966865, 0.00685201],
       [0.72680974, 0.73908441, 0.19968891, 0.        , 0.40312041,
        0.36341332, 0.72984094, 0.21813395, 0.7367675 , 0.54509074,
        0.50072837, 0.07916992, 0.23001164, 0.08264114, 0.10117361,
        0.0918198 , 0.24680806, 0.08702889, 0.06828767, 0.05649902,
        0.02665819, 0.14615496, 0.11919487, 0.07136212, 0.05555723,
        0.04218432, 0.04568367, 0.00989601],
       [0.20903976, 0.70448298, 0.72599148, 0.40312041, 0.        ,
        0.38858662, 0.73550888, 0.73589616, 0.23362816, 0.0544408 ,
        0.51145737, 0.55195402, 0.0845259 , 0.22618284, 0.09679384,
        0.08587033, 0.08119965, 0.25310912, 0.03495441, 0.06256571,
        0.06740019, 0.11690899, 0.11799292, 0.08942038, 0.05549442,
        0.05605947, 0.03148762, 0.00968812],
       [0.71206863, 0.20250175, 0.74421037, 0.36341332, 0.38858662,
        0.        , 0.21460359, 0.74079807, 0.72572361, 0.55212327,
        0.08140683, 0.51066526, 0.10759719, 0.10632126, 0.22437911,
        0.23408227, 0.10042452, 0.08696114, 0.05904157, 0.02562247,
        0.0474058 , 0.11768939, 0.10373632, 0.09809749, 0.03176269,
        0.05627825, 0.05339467, 0.01133587],
       [0.72150794, 0.19880852, 0.73972356, 0.72984094, 0.73550888,
        0.21460359, 0.        , 0.35926916, 0.39761708, 0.08562839,
        0.23139777, 0.10110295, 0.50522324, 0.5505636 , 0.07899278,
        0.2446148 , 0.09403874, 0.0882219 , 0.06816844, 0.0259694 ,
        0.05626637, 0.05403188, 0.04552965, 0.04244891, 0.14099102,
        0.08026668, 0.11877765, 0.00914565],
       [0.70688521, 0.73950763, 0.19958303, 0.21813395, 0.73589616,
        0.74079807, 0.35926916, 0.        , 0.38714152, 0.10863972,
        0.106213  , 0.22868494, 0.07872636, 0.55064234, 0.51638101,
        0.09836316, 0.24032135, 0.09097136, 0.06327382, 0.04693834,
        0.02576962, 0.02848064, 0.05188286, 0.05549924, 0.1150594 ,
        0.10461705, 0.10192759, 0.00960351],
       [0.21153335, 0.72833294, 0.70024724, 0.7367675 , 0.23362816,
        0.72572361, 0.39761708, 0.38714152, 0.        , 0.22459888,
        0.08594105, 0.09565997, 0.5195351 , 0.05344938, 0.54801272,
        0.08080583, 0.08708626, 0.25313623, 0.03538547, 0.06937089,
        0.06514902, 0.05232982, 0.03238188, 0.05181678, 0.1169671 ,
        0.09453956, 0.1159659 , 0.01022443],
       [0.25069193, 0.10058733, 0.08412118, 0.54509074, 0.0544408 ,
        0.55212327, 0.08562839, 0.10863972, 0.22459888, 0.        ,
        0.22845149, 0.23352883, 0.29684952, 0.11955454, 0.32345327,
        0.3281964 , 0.30449696, 0.07132901, 0.28066005, 0.12971778,
        0.10739897, 0.69321428, 0.11808668, 0.57152661, 0.12559912,
        0.10291901, 0.24659668, 0.05647358],
       [0.08849384, 0.23236787, 0.08321662, 0.50072837, 0.51145737,
        0.08140683, 0.23139777, 0.106213  , 0.08594105, 0.22845149,
        0.        , 0.23233385, 0.3276485 , 0.29469677, 0.09948094,
        0.08860289, 0.31939406, 0.31280761, 0.10973021, 0.2892188 ,
        0.10912026, 0.68513834, 0.69479076, 0.08089431, 0.27205184,
        0.11156329, 0.16355962, 0.02773575],
       [0.08201735, 0.1012276 , 0.25150367, 0.07916992, 0.55195402,
        0.51066526, 0.10110295, 0.22868494, 0.09565997, 0.23352883,
        0.23233385, 0.        , 0.09939401, 0.32037814, 0.32076875,
        0.35342205, 0.06591396, 0.3281764 , 0.10009943, 0.11492905,
        0.27093589, 0.13519994, 0.67415259, 0.64582222, 0.14217919,
        0.24428977, 0.11373879, 0.04937799],
       [0.08884371, 0.08276373, 0.23782769, 0.23001164, 0.0845259 ,
        0.10759719, 0.50522324, 0.07872636, 0.5195351 , 0.29684952,
        0.3276485 , 0.09939401, 0.        , 0.22711005, 0.23121807,
        0.32145456, 0.08619748, 0.3080615 , 0.1071712 , 0.11189597,
        0.29071434, 0.26153067, 0.16196952, 0.10544966, 0.6809122 ,
        0.08118277, 0.69992174, 0.02499463],
       [0.25443509, 0.08725286, 0.10106182, 0.08264114, 0.22618284,
        0.10632126, 0.5505636 , 0.55064234, 0.05344938, 0.11955454,
        0.29469677, 0.32037814, 0.22711005, 0.        , 0.23507809,
        0.31106768, 0.3197813 , 0.07464517, 0.28428773, 0.10589077,
        0.12979933, 0.1265738 , 0.2415137 , 0.09696836, 0.69283008,
        0.59579991, 0.11342667, 0.0457842 ],
       [0.08256511, 0.25359681, 0.09927107, 0.10117361, 0.09679384,
        0.22437911, 0.07899278, 0.51638101, 0.54801272, 0.32345327,
        0.09948094, 0.32076875, 0.23121807, 0.23507809, 0.        ,
        0.06336736, 0.35511346, 0.33091474, 0.09927569, 0.26595888,
        0.11167354, 0.13755023, 0.11676821, 0.23524612, 0.13996591,
        0.65905154, 0.67669068, 0.04035866],
       [0.53544083, 0.08376687, 0.51921728, 0.0918198 , 0.08587033,
        0.23408227, 0.2446148 , 0.09836316, 0.08080583, 0.3281964 ,
        0.08860289, 0.35342205, 0.32145456, 0.31106768, 0.06336736,
        0.        , 0.21917367, 0.224222  , 0.69555892, 0.15930382,
        0.69016401, 0.11692908, 0.11287587, 0.25522166, 0.25556025,
        0.10672595, 0.10863904, 0.01535528],
       [0.53802381, 0.51889232, 0.08445878, 0.24680806, 0.08119965,
        0.10042452, 0.09403874, 0.24032135, 0.08708626, 0.30449696,
        0.31939406, 0.06591396, 0.08619748, 0.3197813 , 0.35511346,
        0.21917367, 0.        , 0.22451344, 0.69486394, 0.68598231,
        0.15458487, 0.25887388, 0.11151971, 0.09986963, 0.11816458,
        0.26429089, 0.11158149, 0.01522449],
       [0.09740137, 0.517165  , 0.51962419, 0.08702889, 0.25310912,
        0.08696114, 0.0882219 , 0.09097136, 0.25313623, 0.07132901,
        0.31280761, 0.3281764 , 0.3080615 , 0.07464517, 0.33091474,
        0.224222  , 0.22451344, 0.        , 0.14151436, 0.70399136,
        0.70225745, 0.11629591, 0.27641216, 0.11657432, 0.11733865,
        0.12931958, 0.27684934, 0.02055556],
       [0.19411978, 0.10817465, 0.10632635, 0.06828767, 0.03495441,
        0.05904157, 0.06816844, 0.06327382, 0.03538547, 0.28066005,
        0.10973021, 0.10009943, 0.1071712 , 0.28428773, 0.09927569,
        0.69555892, 0.69486394, 0.14151436, 0.        , 0.38070085,
        0.38638789, 0.67448962, 0.14182977, 0.54708286, 0.67642053,
        0.567617  , 0.14101695, 0.07372105],
       [0.10656243, 0.18712542, 0.10979087, 0.05649902, 0.06256571,
        0.02562247, 0.0259694 , 0.04693834, 0.06937089, 0.12971778,
        0.2892188 , 0.11492905, 0.11189597, 0.10589077, 0.26595888,
        0.15930382, 0.68598231, 0.70399136, 0.38070085, 0.        ,
        0.36323575, 0.68376262, 0.62005983, 0.09068121, 0.15808585,
        0.54180955, 0.64948107, 0.06847024],
       [0.10729878, 0.10889335, 0.19114082, 0.02665819, 0.06740019,
        0.0474058 , 0.05626637, 0.02576962, 0.06514902, 0.10739897,
        0.10912026, 0.27093589, 0.29071434, 0.12979933, 0.11167354,
        0.69016401, 0.15458487, 0.70225745, 0.38638789, 0.36323575,
        0.        , 0.15823446, 0.64671421, 0.51460341, 0.67783987,
        0.10055656, 0.61312157, 0.07984098],
       [0.04725261, 0.05500991, 0.0289274 , 0.14615496, 0.11690899,
        0.11768939, 0.05403188, 0.02848064, 0.05232982, 0.69321428,
        0.68513834, 0.13519994, 0.26153067, 0.1265738 , 0.13755023,
        0.11692908, 0.25887388, 0.11629591, 0.67448962, 0.68376262,
        0.15823446, 0.        , 0.32031145, 0.27932983, 0.7175702 ,
        0.13220397, 0.65137063, 0.04260887],
       [0.0263921 , 0.0579051 , 0.05373298, 0.11919487, 0.11799292,
        0.10373632, 0.04552965, 0.05188286, 0.03238188, 0.11808668,
        0.69479076, 0.67415259, 0.16196952, 0.2415137 , 0.11676821,
        0.11287587, 0.11151971, 0.27641216, 0.14182977, 0.62005983,
        0.64671421, 0.32031145, 0.        , 0.25840358, 0.64684839,
        0.45882315, 0.24707122, 0.18784596],
       [0.07069392, 0.03627909, 0.059896  , 0.07136212, 0.08942038,
        0.09809749, 0.04244891, 0.05549924, 0.05181678, 0.57152661,
        0.08089431, 0.64582222, 0.10544966, 0.09696836, 0.23524612,
        0.25522166, 0.09986963, 0.11657432, 0.54708286, 0.09068121,
        0.51460341, 0.27932983, 0.25840358, 0.        , 0.12042492,
        0.31319634, 0.41051816, 1.2457987 ],
       [0.04750358, 0.03028887, 0.05615982, 0.05555723, 0.05549442,
        0.03176269, 0.14099102, 0.1150594 , 0.1169671 , 0.12559912,
        0.27205184, 0.14217919, 0.6809122 , 0.69283008, 0.13996591,
        0.25556025, 0.11816458, 0.11733865, 0.67642053, 0.15808585,
        0.67783987, 0.7175702 , 0.64684839, 0.12042492, 0.        ,
        0.28151995, 0.32400145, 0.04312659],
       [0.07322336, 0.06060564, 0.03697296, 0.04218432, 0.05605947,
        0.05627825, 0.08026668, 0.10461705, 0.09453956, 0.10291901,
        0.11156329, 0.24428977, 0.08118277, 0.59579991, 0.65905154,
        0.10672595, 0.26429089, 0.12931958, 0.567617  , 0.54180955,
        0.10055656, 0.13220397, 0.45882315, 0.31319634, 0.28151995,
        0.        , 0.27282045, 1.0010744 ],
       [0.02897114, 0.05196102, 0.05966865, 0.04568367, 0.03148762,
        0.05339467, 0.11877765, 0.10192759, 0.1159659 , 0.24659668,
        0.16355962, 0.11373879, 0.69992174, 0.11342667, 0.67669068,
        0.10863904, 0.11158149, 0.27684934, 0.14101695, 0.64948107,
        0.61312157, 0.65137063, 0.24707122, 0.41051816, 0.32400145,
        0.27282045, 0.        , 0.20026286],
       [0.00532508, 0.00655772, 0.00685201, 0.00989601, 0.00968812,
        0.01133587, 0.00914565, 0.00960351, 0.01022443, 0.05647358,
        0.02773575, 0.04937799, 0.02499463, 0.0457842 , 0.04035866,
        0.01535528, 0.01522449, 0.02055556, 0.07372105, 0.06847024,
        0.07984098, 0.04260887, 0.18784596, 1.2457987 , 0.04312659,
        1.0010744 , 0.20026286, 0.        ]]), 'molecular-dipole': array([0.03568796, 0.0185919 , 0.51196949])}
{'bond-orders': array([[0.        , 0.3757536 , 0.37222553, 0.72680974, 0.20903976,
        0.71206863, 0.72150794, 0.70688521, 0.21153335, 0.25069193,
        0.08849384, 0.08201735, 0.08884371, 0.25443509, 0.08256511,
        0.53544083, 0.53802381, 0.09740137, 0.19411978, 0.10656243,
        0.10729878, 0.04725261, 0.0263921 , 0.07069392, 0.04750358,
        0.07322336, 0.02897114, 0.00532508],
       [0.3757536 , 0.        , 0.38587437, 0.73908441, 0.70448298,
        0.20250175, 0.19880852, 0.73950763, 0.72833294, 0.10058733,
        0.23236787, 0.1012276 , 0.08276373, 0.08725286, 0.25359681,
        0.08376687, 0.51889232, 0.517165  , 0.10817465, 0.18712542,
        0.10889335, 0.05500991, 0.0579051 , 0.03627909, 0.03028887,
        0.06060564, 0.05196102, 0.00655772],
       [0.37222553, 0.38587437, 0.        , 0.19968891, 0.72599148,
        0.74421037, 0.73972356, 0.19958303, 0.70024724, 0.08412118,
        0.08321662, 0.25150367, 0.23782769, 0.10106182, 0.09927107,
        0.51921728, 0.08445878, 0.51962419, 0.10632635, 0.10979087,
        0.19114082, 0.0289274 , 0.05373298, 0.059896  , 0.05615982,
        0.03697296, 0.05966865, 0.00685201],
       [0.72680974, 0.73908441, 0.19968891, 0.        , 0.40312041,
        0.36341332, 0.72984094, 0.21813395, 0.7367675 , 0.54509074,
        0.50072837, 0.07916992, 0.23001164, 0.08264114, 0.10117361,
        0.0918198 , 0.24680806, 0.08702889, 0.06828767, 0.05649902,
        0.02665819, 0.14615496, 0.11919487, 0.07136212, 0.05555723,
        0.04218432, 0.04568367, 0.00989601],
       [0.20903976, 0.70448298, 0.72599148, 0.40312041, 0.        ,
        0.38858662, 0.73550888, 0.73589616, 0.23362816, 0.0544408 ,
        0.51145737, 0.55195402, 0.0845259 , 0.22618284, 0.09679384,
        0.08587033, 0.08119965, 0.25310912, 0.03495441, 0.06256571,
        0.06740019, 0.11690899, 0.11799292, 0.08942038, 0.05549442,
        0.05605947, 0.03148762, 0.00968812],
       [0.71206863, 0.20250175, 0.74421037, 0.36341332, 0.38858662,
        0.        , 0.21460359, 0.74079807, 0.72572361, 0.55212327,
        0.08140683, 0.51066526, 0.10759719, 0.10632126, 0.22437911,
        0.23408227, 0.10042452, 0.08696114, 0.05904157, 0.02562247,
        0.0474058 , 0.11768939, 0.10373632, 0.09809749, 0.03176269,
        0.05627825, 0.05339467, 0.01133587],
       [0.72150794, 0.19880852, 0.73972356, 0.72984094, 0.73550888,
        0.21460359, 0.        , 0.35926916, 0.39761708, 0.08562839,
        0.23139777, 0.10110295, 0.50522324, 0.5505636 , 0.07899278,
        0.2446148 , 0.09403874, 0.0882219 , 0.06816844, 0.0259694 ,
        0.05626637, 0.05403188, 0.04552965, 0.04244891, 0.14099102,
        0.08026668, 0.11877765, 0.00914565],
       [0.70688521, 0.73950763, 0.19958303, 0.21813395, 0.73589616,
        0.74079807, 0.35926916, 0.        , 0.38714152, 0.10863972,
        0.106213  , 0.22868494, 0.07872636, 0.55064234, 0.51638101,
        0.09836316, 0.24032135, 0.09097136, 0.06327382, 0.04693834,
        0.02576962, 0.02848064, 0.05188286, 0.05549924, 0.1150594 ,
        0.10461705, 0.10192759, 0.00960351],
       [0.21153335, 0.72833294, 0.70024724, 0.7367675 , 0.23362816,
        0.72572361, 0.39761708, 0.38714152, 0.        , 0.22459888,
        0.08594105, 0.09565997, 0.5195351 , 0.05344938, 0.54801272,
        0.08080583, 0.08708626, 0.25313623, 0.03538547, 0.06937089,
        0.06514902, 0.05232982, 0.03238188, 0.05181678, 0.1169671 ,
        0.09453956, 0.1159659 , 0.01022443],
       [0.25069193, 0.10058733, 0.08412118, 0.54509074, 0.0544408 ,
        0.55212327, 0.08562839, 0.10863972, 0.22459888, 0.        ,
        0.22845149, 0.23352883, 0.29684952, 0.11955454, 0.32345327,
        0.3281964 , 0.30449696, 0.07132901, 0.28066005, 0.12971778,
        0.10739897, 0.69321428, 0.11808668, 0.57152661, 0.12559912,
        0.10291901, 0.24659668, 0.05647358],
       [0.08849384, 0.23236787, 0.08321662, 0.50072837, 0.51145737,
        0.08140683, 0.23139777, 0.106213  , 0.08594105, 0.22845149,
        0.        , 0.23233385, 0.3276485 , 0.29469677, 0.09948094,
        0.08860289, 0.31939406, 0.31280761, 0.10973021, 0.2892188 ,
        0.10912026, 0.68513834, 0.69479076, 0.08089431, 0.27205184,
        0.11156329, 0.16355962, 0.02773575],
       [0.08201735, 0.1012276 , 0.25150367, 0.07916992, 0.55195402,
        0.51066526, 0.10110295, 0.22868494, 0.09565997, 0.23352883,
        0.23233385, 0.        , 0.09939401, 0.32037814, 0.32076875,
        0.35342205, 0.06591396, 0.3281764 , 0.10009943, 0.11492905,
        0.27093589, 0.13519994, 0.67415259, 0.64582222, 0.14217919,
        0.24428977, 0.11373879, 0.04937799],
       [0.08884371, 0.08276373, 0.23782769, 0.23001164, 0.0845259 ,
        0.10759719, 0.50522324, 0.07872636, 0.5195351 , 0.29684952,
        0.3276485 , 0.09939401, 0.        , 0.22711005, 0.23121807,
        0.32145456, 0.08619748, 0.3080615 , 0.1071712 , 0.11189597,
        0.29071434, 0.26153067, 0.16196952, 0.10544966, 0.6809122 ,
        0.08118277, 0.69992174, 0.02499463],
       [0.25443509, 0.08725286, 0.10106182, 0.08264114, 0.22618284,
        0.10632126, 0.5505636 , 0.55064234, 0.05344938, 0.11955454,
        0.29469677, 0.32037814, 0.22711005, 0.        , 0.23507809,
        0.31106768, 0.3197813 , 0.07464517, 0.28428773, 0.10589077,
        0.12979933, 0.1265738 , 0.2415137 , 0.09696836, 0.69283008,
        0.59579991, 0.11342667, 0.0457842 ],
       [0.08256511, 0.25359681, 0.09927107, 0.10117361, 0.09679384,
        0.22437911, 0.07899278, 0.51638101, 0.54801272, 0.32345327,
        0.09948094, 0.32076875, 0.23121807, 0.23507809, 0.        ,
        0.06336736, 0.35511346, 0.33091474, 0.09927569, 0.26595888,
        0.11167354, 0.13755023, 0.11676821, 0.23524612, 0.13996591,
        0.65905154, 0.67669068, 0.04035866],
       [0.53544083, 0.08376687, 0.51921728, 0.0918198 , 0.08587033,
        0.23408227, 0.2446148 , 0.09836316, 0.08080583, 0.3281964 ,
        0.08860289, 0.35342205, 0.32145456, 0.31106768, 0.06336736,
        0.        , 0.21917367, 0.224222  , 0.69555892, 0.15930382,
        0.69016401, 0.11692908, 0.11287587, 0.25522166, 0.25556025,
        0.10672595, 0.10863904, 0.01535528],
       [0.53802381, 0.51889232, 0.08445878, 0.24680806, 0.08119965,
        0.10042452, 0.09403874, 0.24032135, 0.08708626, 0.30449696,
        0.31939406, 0.06591396, 0.08619748, 0.3197813 , 0.35511346,
        0.21917367, 0.        , 0.22451344, 0.69486394, 0.68598231,
        0.15458487, 0.25887388, 0.11151971, 0.09986963, 0.11816458,
        0.26429089, 0.11158149, 0.01522449],
       [0.09740137, 0.517165  , 0.51962419, 0.08702889, 0.25310912,
        0.08696114, 0.0882219 , 0.09097136, 0.25313623, 0.07132901,
        0.31280761, 0.3281764 , 0.3080615 , 0.07464517, 0.33091474,
        0.224222  , 0.22451344, 0.        , 0.14151436, 0.70399136,
        0.70225745, 0.11629591, 0.27641216, 0.11657432, 0.11733865,
        0.12931958, 0.27684934, 0.02055556],
       [0.19411978, 0.10817465, 0.10632635, 0.06828767, 0.03495441,
        0.05904157, 0.06816844, 0.06327382, 0.03538547, 0.28066005,
        0.10973021, 0.10009943, 0.1071712 , 0.28428773, 0.09927569,
        0.69555892, 0.69486394, 0.14151436, 0.        , 0.38070085,
        0.38638789, 0.67448962, 0.14182977, 0.54708286, 0.67642053,
        0.567617  , 0.14101695, 0.07372105],
       [0.10656243, 0.18712542, 0.10979087, 0.05649902, 0.06256571,
        0.02562247, 0.0259694 , 0.04693834, 0.06937089, 0.12971778,
        0.2892188 , 0.11492905, 0.11189597, 0.10589077, 0.26595888,
        0.15930382, 0.68598231, 0.70399136, 0.38070085, 0.        ,
        0.36323575, 0.68376262, 0.62005983, 0.09068121, 0.15808585,
        0.54180955, 0.64948107, 0.06847024],
       [0.10729878, 0.10889335, 0.19114082, 0.02665819, 0.06740019,
        0.0474058 , 0.05626637, 0.02576962, 0.06514902, 0.10739897,
        0.10912026, 0.27093589, 0.29071434, 0.12979933, 0.11167354,
        0.69016401, 0.15458487, 0.70225745, 0.38638789, 0.36323575,
        0.        , 0.15823446, 0.64671421, 0.51460341, 0.67783987,
        0.10055656, 0.61312157, 0.07984098],
       [0.04725261, 0.05500991, 0.0289274 , 0.14615496, 0.11690899,
        0.11768939, 0.05403188, 0.02848064, 0.05232982, 0.69321428,
        0.68513834, 0.13519994, 0.26153067, 0.1265738 , 0.13755023,
        0.11692908, 0.25887388, 0.11629591, 0.67448962, 0.68376262,
        0.15823446, 0.        , 0.32031145, 0.27932983, 0.7175702 ,
        0.13220397, 0.65137063, 0.04260887],
       [0.0263921 , 0.0579051 , 0.05373298, 0.11919487, 0.11799292,
        0.10373632, 0.04552965, 0.05188286, 0.03238188, 0.11808668,
        0.69479076, 0.67415259, 0.16196952, 0.2415137 , 0.11676821,
        0.11287587, 0.11151971, 0.27641216, 0.14182977, 0.62005983,
        0.64671421, 0.32031145, 0.        , 0.25840358, 0.64684839,
        0.45882315, 0.24707122, 0.18784596],
       [0.07069392, 0.03627909, 0.059896  , 0.07136212, 0.08942038,
        0.09809749, 0.04244891, 0.05549924, 0.05181678, 0.57152661,
        0.08089431, 0.64582222, 0.10544966, 0.09696836, 0.23524612,
        0.25522166, 0.09986963, 0.11657432, 0.54708286, 0.09068121,
        0.51460341, 0.27932983, 0.25840358, 0.        , 0.12042492,
        0.31319634, 0.41051816, 1.2457987 ],
       [0.04750358, 0.03028887, 0.05615982, 0.05555723, 0.05549442,
        0.03176269, 0.14099102, 0.1150594 , 0.1169671 , 0.12559912,
        0.27205184, 0.14217919, 0.6809122 , 0.69283008, 0.13996591,
        0.25556025, 0.11816458, 0.11733865, 0.67642053, 0.15808585,
        0.67783987, 0.7175702 , 0.64684839, 0.12042492, 0.        ,
        0.28151995, 0.32400145, 0.04312659],
       [0.07322336, 0.06060564, 0.03697296, 0.04218432, 0.05605947,
        0.05627825, 0.08026668, 0.10461705, 0.09453956, 0.10291901,
        0.11156329, 0.24428977, 0.08118277, 0.59579991, 0.65905154,
        0.10672595, 0.26429089, 0.12931958, 0.567617  , 0.54180955,
        0.10055656, 0.13220397, 0.45882315, 0.31319634, 0.28151995,
        0.        , 0.27282045, 1.0010744 ],
       [0.02897114, 0.05196102, 0.05966865, 0.04568367, 0.03148762,
        0.05339467, 0.11877765, 0.10192759, 0.1159659 , 0.24659668,
        0.16355962, 0.11373879, 0.69992174, 0.11342667, 0.67669068,
