{"hessian": [[3.164320938173583, 0.031129631525268958, 0.07995488055808811, -1.4680741940626327, -0.020093171205449293, -0.08008986347405561, 0.04934589742297953, -0.006331341534666503, 0.01252127239546243], [0.031129631525268958, 1.5952281009040268, 11.227827528114211, -0.019623944878514592, -4.267182783691361, -11.63137502479384, -0.011569964225786513, 3.374180805955641, -5.447666233648359], [0.07995488055808811, 11.227827528114211, 47.692035314482375, -0.08682615375662465, -12.429612567762465, -42.2447418907924, -0.001606939475803715, 0.8240385631921292, -0.5187522015789453], [-1.4680741940626327, -0.019623944878514592, -0.08682615375662465, 0.4708075553788665, 0.055876499452645736, 0.08838167116920265, 0.07845721296663907, 0.0008163252537082686, -0.007649031904825808], [-0.020093171205449293, -4.267182783691361, -12.429612567762465, 0.055876499452645736, 4.2174319375204785, 11.358780239876406, 0.003310295320155582, 0.26905309031276237, 1.1276344244767675], [-0.08008986347405561, -11.63137502479384, -42.2447418907924, 0.08838167116920265, 11.358780239876406, 42.84504305688944, -0.004216609184508861, 0.5051317825820334, -0.8644305938559307], [0.04934589742297953, -0.011569964225786513, -0.001606939475803715, 0.07845721296663907, 0.003310295320155582, -0.004216609184508861, 0.5518487270225979, -0.011524969920464014, -0.008709611958856075], [-0.006331341534666503, 3.374180805955641, 0.8240385631921292, 0.0008163252537082686, 0.26905309031276237, 0.5051317825820334, -0.011524969920464014, -2.596235694687464, 3.513277486981207], [0.01252127239546243, -5.447666233648359, -0.5187522015789453, -0.007649031904825808, 1.1276344244767675, -0.8644305938559307, -0.008709611958856075, 3.513277486981207, 0.8393623380333929]], "frequencies": ["1195.9249267205248j", "130.6337791588369j", "(183.3642441072593+0j)", "(247.27736981334218+0j)", "(381.4671075847579+0j)", "(441.24846550473166+0j)", "(454.3853354426733+0j)", "(1011.2590914699518+0j)", "(3629.443505770985+0j)"]}