{"hessian": [[37.77409485843268, -1.1102730503801848, 0.042031108929121166, -16.46663019645551, 7.580634132977428, -9.970635215340248, -16.52892159829556, -7.569199151667609, 10.066190264329437, -3.2554601174832634, -0.0184540929401295, -0.02225932561883262], [-1.1102730503801848, 39.12722788567003, 0.07151523443116721, 7.573698582199859, -7.623577983528806, 5.721745830641436, -7.5849728695620975, -7.646280824442961, 5.788086719960514, 0.021751532744478635, -20.86487496379342, -11.447232616382543], [0.042031108929121166, 0.07151523443116721, 20.625428126382864, -6.125447593510741, 3.5166456321224917, -6.286147968849012, 6.0750796825811495, 3.4842497322902894, -6.281706388137891, -0.0010412967803207782, -7.019272324258072, -6.209541950158499], [-16.46663019645551, 7.573698582199859, -6.125447593510741, 18.737672763303536, -8.600095819700995, 8.206588480866188, -1.980829297517879, 0.912902316204073, -0.9614704549207633, -0.26999154296663175, 0.08372797444727512, -0.15229929575876996], [7.580634132977428, -7.623577983528806, 3.5166456321224917, -8.600095819700995, 8.63737681553964, -4.689306500711279, -0.9063267198690843, 0.30749751033188977, -0.38248373403079283, 1.9102332324668718, -1.4189532681662658, 1.0257480339529108], [-9.970635215340248, 5.721745830641436, -6.286147968849012, 8.206588480866188, -4.689306500711279, 7.0283290351437016, 0.9609498065306031, -0.3834800365057912, 0.41302843958686924, 0.8016442546573289, -0.6387391583582548, 0.41316985026074005], [-16.52892159829556, -7.5849728695620975, 6.0750796825811495, -1.980829297517879, -0.9063267198690843, 0.9609498065306031, 18.568172787395763, 8.5437179551319, -8.120462952721015, -0.26543426261325265, -0.08653047689307675, 0.15225430145344737], [-7.569199151667609, -7.646280824442961, 3.4842497322902894, 0.912902316204073, 0.30749751033188977, -0.3834800365057912, 8.5437179551319, 8.577521533944903, -4.65669848486827, -1.9097704338978398, -1.4189275571346531, 1.0259408666900074], [10.066190264329437, 5.788086719960514, -6.281706388137891, -0.9614704549207633, -0.38248373403079283, 0.41302843958686924, -8.120462952721015, -4.65669848486827, 6.987037118373451, -0.8021713308053926, -0.6375371676303536, 0.41230210294380615], [-3.2554601174832634, 0.021751532744478635, -0.0010412967803207782, -0.26999154296663175, 1.9102332324668718, 0.8016442546573289, -0.26543426261325265, -1.9097704338978398, -0.8021713308053926, 3.704124046885556, 0.028134296342370947, 0.020761658027383598], [-0.0184540929401295, -20.86487496379342, -7.019272324258072, 0.08372797444727512, -1.4189532681662658, -0.6387391583582548, -0.08653047689307675, -1.4189275571346531, -0.6375371676303536, 0.028134296342370947, 23.744690481654914, 9.409485522631698], [-0.02225932561883262, -11.447232616382543, -6.209541950158499, -0.15229929575876996, 1.0257480339529108, 0.41316985026074005, 0.15225430145344737, 1.0259408666900074, 0.41230210294380615, 0.020761658027383598, 9.409485522631698, 6.97090344603638]], "frequencies": ["(106.56793787858948+0j)", "(239.10185793551523+0j)", "(329.17645891134333+0j)", "(422.25607612093967+0j)", "(464.47823437038505+0j)", "(475.13698540485177+0j)", "(1186.8535098949812+0j)", "(1336.7200249052078+0j)", "(1336.9657463773476+0j)", "(2802.069640231871+0j)", "(2856.034829019877+0j)", "(2862.634685278749+0j)"]}