{"hessian": [[10.785865783691406, -0.030948378844186664, -0.004249441553838551, -1.8419861793518066, -0.0033094242098741233, 0.0006937159923836589], [-0.030948378844186664, -1.4723008498549461, -0.04174098721705377, 0.03401316644158214, 1.241850946098566, 0.04433821886777878], [-0.004249441553838551, -0.04174098721705377, 61.39218807220459, 0.000711925918039924, 0.04766791971633211, -47.4714070558548], [-1.8419861793518066, 0.03401316644158214, 0.000711925918039924, 1.1894176714122295, -0.015092962712515146, -0.0007963763891893905], [-0.0033094242098741233, 1.241850946098566, 0.04766791971633211, -0.015092962712515146, -0.7789192721247673, -0.04523058159975335], [0.0006937159923836589, 0.04433821886777878, -47.4714070558548, -0.0007963763891893905, -0.04523058159975335, 47.939908504486084]], "frequencies": ["492.6268717510054j", "(86.42803248338657+0j)", "(331.1824085372895+0j)", "(479.6103758634147+0j)", "(628.1401236568062+0j)", "(3707.611650256112+0j)"]}