{"hessian": [[4.287648764855196, -1.951885103679703, -1.063768221950426, -0.8236336144442267, -0.9963024749982841, 0.1298535651607442, 1.5299863581863975, 2.453083098424969, 1.7749739229095236, 0.02591029210785847, -0.08187035241324597, 0.213697239250277, 0.020003182594804242, 0.029317003796562317, -0.054269559976841825, 0.03481916456171425, -0.06744003592052922, -0.10538951858110904], [-1.951885103679703, -3.3865928064667483, 4.023628608980651, -1.6033977811990128, -2.0682789437911153, 0.32770638117959705, 4.361445853342005, 6.201430119684643, 3.6211288368392474, -0.11334065510738556, 0.07917712185179915, 0.42934208914522826, 0.03454277097187598, 0.05520801263071142, -0.1752785302627625, 0.012591977732397553, 0.047211881799112156, -0.09381312659741922], [-1.063768221950426, 4.023628608980651, 11.003897298282016, 1.3046227383417852, 1.9742922677303094, -0.15448473344586297, -2.4788841186484727, -4.594619199039022, -2.2608224317819126, 0.12761027765252217, 0.17874951953049859, -0.3786399348046704, 0.040848401474929685, -0.06248423457715045, 0.17538780214711727, -0.10598730006610776, 0.05937319975199455, 0.15928626859956438], [-0.8236336144442267, -1.6033977811990128, 1.3046227383417852, 47.34879304245071, -0.055998626852806696, 2.105572795145567, -4.300343586714046, 0.17209679010067136, 2.7611912457576637, -12.154048158693744, -11.596716554179707, 2.045402553413574, -21.63452183960855, 2.654027665995268, -11.26209390549625, -10.049130994854305, 9.866062022012848, 4.040617173118848], [-0.9963024749982841, -2.0682789437911153, 1.9742922677303094, -0.055998626852806696, 49.837029548848356, 0.3148765764047804, 0.19041590012483345, -3.403504237510106, -0.441066319560692, -11.57986940071538, -20.346540566478183, 2.7715206527081304, 2.5722023078873444, -4.304026691992588, 1.5402322042841214, 9.879656729978144, -20.514973534574025, -6.733333513933564], [0.1298535651607442, 0.32770638117959705, -0.15448473344586297, 2.105572795145567, 0.3148765764047804, 42.72502396132061, 2.9303184117070495, 0.8486890147509576, -18.60375042739006, 1.8361661781481282, 2.3718555218020443, -4.39354607631066, -10.538276943531045, 1.3611355858268492, -10.564457201470839, 3.7773169261294623, -6.399970705799139, -6.526501120123921], [1.5299863581863975, 4.361445853342005, -2.4788841186484727, -4.300343586714046, 0.19041590012483345, 2.9303184117070495, 5.417160094639703, -7.928607234825861, -5.571374862253631, -0.45225061831228563, -0.13248251814315892, 1.4912912556090445, 0.6285447343237562, 0.02369914338915271, -1.8955008113527034, -0.29878147061513066, -0.19154718551579916, 1.3707065173447361], [2.453083098424969, 6.201430119684643, -4.594619199039022, 0.17209679010067136, -3.403504237510106, 0.8486890147509576, -7.928607234825861, 3.620164673153765, -2.838793566923176, -0.3664014837569498, -0.3779843034985425, 1.9637443170111346, -0.07584111550003082, -0.14738848872071383, 0.3489822598392376, 0.33412771132490837, 0.22465013871735512, -1.9119815826165456], [1.7749739229095236, 3.6211288368392474, -2.2608224317819126, 2.7611912457576637, -0.441066319560692, -18.60375042739006, -5.571374862253631, -2.838793566923176, 39.02228831014215, 0.14965748726054867, 0.2970202649496497, -0.6763479698499641, 0.17178825772131706, 0.36577156348243467, -2.1669964496686873, 0.5150112464792744, -0.0868518647882375, -1.8645832958382402], [0.02591029210785847, -0.11334065510738556, 0.12761027765252217, -12.154048158693744, -11.57986940071538, 1.8361661781481282, -0.45225061831228563, -0.3664014837569498, 0.14965748726054867, 13.089910426128098, 12.810977871918096, -2.1572969629927363, -1.4290705591059258, -2.0153592129739484, 0.38912360794481377, 0.8666031760272173, 1.2149040935287139, -0.28777714908482693], [-0.08187035241324597, 0.07917712185179915, 0.17874951953049859, -11.596716554179707, -20.346540566478183, 2.3718555218020443, -0.13248251814315892, -0.3779843034985425, 0.2970202649496497, 12.810977871918096, 22.101009941676455, -2.949421708195404, 0.2776855691767798, 0.2992249859104523, -0.09246972519564725, -1.3933322251640523, -1.7792933762204841, 0.3579939764195448], [0.213697239250277, 0.42934208914522826, -0.3786399348046704, 2.045402553413574, 2.7715206527081304, -4.39354607631066, 1.4912912556090445, 1.9637443170111346, -0.6763479698499641, -2.1572969629927363, -2.949421708195404, 5.018806226345872, -0.8680108550080212, -1.3481707981360653, 0.2530415453758545, -0.6658900077414338, -0.7538988689522499, 0.11969770767366464], [0.020003182594804242, 0.03454277097187598, 0.040848401474929685, -21.63452183960855, 2.5722023078873444, -10.538276943531045, 0.6285447343237562, -0.07584111550003082, 0.17178825772131706, -1.4290705591059258, 0.2776855691767798, -0.8680108550080212, 23.518973335125626, -2.7761100718510257, 11.886614863372593, -1.1729565454523347, 0.058858979119737365, -0.70783112805991], [0.029317003796562317, 0.05520801263071142, -0.06248423457715045, 2.654027665995268, -4.304026691992588, 1.3611355858268492, 0.02369914338915271, -0.14738848872071383, 0.36577156348243467, -2.0153592129739484, 0.2992249859104523, -1.3481707981360653, -2.7761100718510257, 4.430769222328175, -1.6849531734750012, 2.0390390730893913, -0.26227823348277407, 1.3012674487163074], [-0.054269559976841825, -0.1752785302627625, 0.17538780214711727, -11.26209390549625, 1.5402322042841214, -10.564457201470839, -1.8955008113527034, 0.3489822598392376, -2.1669964496686873, 0.38912360794481377, -0.09246972519564725, 0.2530415453758545, 11.886614863372593, -1.6849531734750012, 11.958560757583275, 0.8389188227380715, -0.08095118303308632, 0.5789867208899704], [0.03481916456171425, 0.012591977732397553, -0.10598730006610776, -10.049130994854305, 9.879656729978144, 3.7773169261294623, -0.29878147061513066, 0.33412771132490837, 0.5150112464792744, 0.8666031760272173, -1.3933322251640523, -0.6658900077414338, -1.1729565454523347, 2.0390390730893913, 0.8389188227380715, 10.56859667756051, -10.826928267690707, -4.38178970710568], [-0.06744003592052922, 0.047211881799112156, 0.05937319975199455, 9.866062022012848, -20.514973534574025, -6.399970705799139, -0.19154718551579916, 0.22465013871735512, -0.0868518647882375, 1.2149040935287139, -1.7792933762204841, -0.7538988689522499, 0.058858979119737365, -0.26227823348277407, -0.08095118303308632, -10.826928267690707, 22.169774095725046, 7.176218888980866], [-0.10538951858110904, -0.09381312659741922, 0.15928626859956438, 4.040617173118848, -6.733333513933564, -6.526501120123921, 1.3707065173447361, -1.9119815826165456, -1.8645832958382402, -0.28777714908482693, 0.3579939764195448, 0.11969770767366464, -0.70783112805991, 1.3012674487163074, 0.5789867208899704, -4.38178970710568, 7.176218888980866, 7.665024166488735]], "frequencies": ["542.3394937338267j", "122.05453468443847j", "(65.36907309523605+0j)", "(154.2402776710907+0j)", "(225.63847286570194+0j)", "(271.5612336571516+0j)", "(415.1569852910663+0j)", "(455.6255045485679+0j)", "(495.05021127759983+0j)", "(960.6961571832953+0j)", "(987.7259926937927+0j)", "(1115.1391363550279+0j)", "(1360.4812877537327+0j)", "(1422.8278391466317+0j)", "(1435.7394064068471+0j)", "(2974.4992718751373+0j)", "(3041.789381669097+0j)", "(3053.5123807541227+0j)"]}