{"hessian": [[8.88001182087019, -2.1676006589115895, 0.16372784931068582, -1.0408918315728846, 0.016416493684810435, -0.23018443827202295], [-2.1676006589115895, 11.346766760355296, 0.08707683631485, 0.017708473023356597, -1.0600722611560776, -0.13858246039330985], [0.16372784931068582, 0.08707683631485, 45.23287798483887, -0.2218926305768759, -0.11766653617624895, -29.630119167301714], [-1.0408918315728846, 0.017708473023356597, -0.2218926305768759, 1.399374317593074, -0.02814072410027412, 0.22531219778138623], [0.016416493684810435, -1.0600722611560776, -0.11766653617624895, -0.02814072410027412, 1.430446099297214, 0.13447512309315546], [-0.23018443827202295, -0.13858246039330985, -29.630119167301714, 0.22531219778138623, 0.13447512309315546, 31.03083688629656]], "frequencies": ["(379.65115822914163+0j)", "(489.05872883160197+0j)", "(595.9116794988723+0j)", "(633.0553161806075+0j)", "(660.788862277268+0j)", "(3006.8109749172777+0j)"]}