{"hessian": [[8.560552448034286, -0.25660867104306817, 0.0036178760637994856, -1.2962942011654377, 0.11458261869847775, 0.0822240486741066, -1.3012128882110119, 0.11996949906460941, -0.08845582487992942], [-0.25660867104306817, 53.57486605644226, 0.07486708054784685, 0.10388140799477696, -25.724823772907257, -17.694220691919327, 0.1118462416343391, -25.985203683376312, 17.600025981664658], [0.0036178760637994856, 0.07486708054784685, 43.683457374572754, 0.030022751889191568, -14.318393170833588, -15.728253871202469, -0.03330734325572848, 14.200089126825333, -15.434011071920395], [-1.2962942011654377, 0.10388140799477696, 0.030022751889191568, 1.3572921976447105, -0.10233655921183527, -0.06279235240072012, 0.0614826480159536, 0.006639701314270496, 0.003919277514796704], [0.11458261869847775, -25.724823772907257, -14.318393170833588, -0.10233655921183527, 27.909353375434875, 16.37730374932289, 0.007001373160164803, -2.2447715513408184, -1.9081354141235352], [0.0822240486741066, -17.694220691919327, -15.728253871202469, -0.06279235240072012, 16.37730374932289, 15.797218680381775, -0.002653196861501783, 1.8860497511923313, 0.9428668301552534], [-1.3012128882110119, 0.1118462416343391, -0.03330734325572848, 0.0614826480159536, 0.007001373160164803, -0.002653196861501783, 1.3516834005713463, -0.10695545934140682, 0.06754235073458403], [0.11996949906460941, -25.985203683376312, 14.200089126825333, 0.006639701314270496, -2.2447715513408184, 1.8860497511923313, -0.10695545934140682, 28.182965517044067, -16.256623715162277], [-0.08845582487992942, 17.600025981664658, -15.434011071920395, 0.003919277514796704, -1.9081354141235352, 0.9428668301552534, 0.06754235073458403, -16.256623715162277, 15.513429045677185]], "frequencies": ["(145.81380100497665+0j)", "(320.7621422824777+0j)", "(496.9044682464143+0j)", "(590.57517590251+0j)", "(611.6086529439566+0j)", "(667.2282908983599+0j)", "(1480.4706823170202+0j)", "(3325.484424922815+0j)", "(3402.125617932195+0j)"]}