{"hessian": [[2.1121355359647493, 0.08910158005436265, 0.2680760711114738, 0.048645271811529146, 0.038643680514126935, 0.034375649266392395], [0.08910158005436265, 2.1746004872681906, 0.018158416076581606, -0.007623320873212662, 0.02070380820625478, 8.356085274181541e-05], [0.2680760711114738, 0.018158416076581606, 4.295310652275829, 0.023024228809315206, -0.03732599014396791, 0.07923497167292805], [0.048645271811529146, -0.007623320873212662, 0.023024228809315206, 0.602229493467995, 1.6029671214194976, -0.294333462146106], [0.038643680514126935, 0.02070380820625478, -0.03732599014396791, 1.6029671214194976, 2.4454019277306274, 0.21827380287736603], [0.034375649266392395, 8.356085274181541e-05, 0.07923497167292805, -0.294333462146106, 0.21827380287736603, 5.564600005423642]], "frequencies": ["306.554070200761j", "(739.5357077956925+0j)", "(774.5331050860144+0j)", "(954.168596159456+0j)", "(1080.0184479123345+0j)", "(1228.3515154451234+0j)"]}