{"hessian": [[5.607087485163892, -2.05937007133726, -0.1520550409584479, -0.9078243874605332, -1.0453462677998124, -0.17145401431034996, 1.3543543012389578, 2.199424488290406, -1.7466982158932822, 0.021642260860124055, 0.03764095028122552, 0.04991796787636575, 0.03382286208671592, -0.059688159889252065, 0.10326835847304805, 0.04262889041412013, -0.0737842329710019, -0.2407066779595855], [-2.05937007133726, -3.617297893128931, -5.365577337466405, -1.7010611347804576, -2.2014428042720153, -0.3426059239992485, 4.3237856197870705, 6.766487889198347, -3.663294928684336, 0.05015579491878465, 0.07258867000100411, 0.176281260495664, 0.03452348769816635, 0.06400761320021234, 0.10427751646385278, -0.061372232459894184, 0.08568844060775582, -0.4719324130119291], [-0.1520550409584479, -5.365577337466405, 10.606134783715284, -1.4099608348596684, -2.1168920768131283, -0.1335238149234798, 2.428149825518399, 4.919452372435882, -2.524270517203072, -0.021185890048995744, 0.07384208279213088, 0.18931032576548046, 0.11210652558996821, -0.05541370088361425, 0.18331322764178112, -0.10389185098965974, -0.1749828533992148, -0.41117081755284024], [-0.9078243874605332, -1.7010611347804576, -1.4099608348596684, 50.6908800531956, 0.12954503278138976, -1.1159873271561427, -4.421288279420933, 0.031624568883816484, -2.744871168441402, -22.13127825364269, 2.9417341097431597, 10.790572868990125, -9.631018198765993, 9.395736548476721, -4.157872332789291, -12.227215326906038, -11.519962697057418, -2.042760744915353], [-1.0453462677998124, -2.2014428042720153, -2.1168920768131283, 0.12954503278138976, 50.066089129487324, -1.6522423135055413, 0.023101361904153805, -3.6027390214781496, 0.2401603185378121, 2.89724759729501, -4.40758429957128, -1.6195443090518884, 9.526489999743916, -20.4677359417433, 7.234377242489154, -11.681382981280848, -20.34978658421931, -2.7375049578843176], [-0.17145401431034996, -0.3426059239992485, -0.1335238149234798, -1.1159873271561427, -1.6522423135055413, 41.30649492517596, -2.8026824230229153, -1.0800111661718494, -18.619247751694708, 10.328841307770599, -1.4537788604858832, -10.004618771374544, -3.9674500049065538, 6.880824846780731, -6.952590763770123, -1.9451359578813274, -2.4325464119241977, -4.424315753393348], [1.3543543012389578, 4.3237856197870705, 2.428149825518399, -4.421288279420933, 0.023101361904153805, -2.8026824230229153, 5.812762882550957, -3.0767041701948625, 5.718609084784667, 0.5831390524954473, 0.030679688472043908, 2.001102445944618, -0.28732077827369873, -0.2636344904003524, -1.343253563340106, -0.4162423185384767, -0.174931431335989, -1.5045967144686991], [2.199424488290406, 6.766487889198347, 4.919452372435882, 0.031624568883816484, -3.6027390214781496, -1.0800111661718494, -3.0767041701948625, 5.90636389313757, 3.6629992518207883, -0.11637455683770279, -0.18816618485870817, -0.3975503985559282, 0.2472308522313484, 0.2313607179683112, 1.931721227137318, -0.3712801520054896, -0.4257168336878152, -1.9835418113530354], [-1.7466982158932822, -3.663294928684336, -2.524270517203072, -2.744871168441402, 0.2401603185378121, -18.619247751694708, 5.718609084784667, 3.6629992518207883, 40.01846222998237, -0.09049640351936031, -0.3863982385938507, -2.16904047668191, -0.4522184795227695, 0.04973156289717247, -1.9347229900781198, -0.08296949901469577, -0.2736489372135609, -0.6274070211748872], [0.021642260860124055, 0.05015579491878465, -0.021185890048995744, -22.13127825364269, 2.89724759729501, 10.328841307770599, 0.5831390524954473, -0.11637455683770279, -0.09049640351936031, 24.026817631542812, -3.135473160703955, -11.521807463575641, -1.1474447743344753, 0.08093189975937674, 0.6543778933367763, -1.4514455843670167, 0.3031009239260908, 0.8390216668645227], [0.03764095028122552, 0.07258867000100411, 0.07384208279213088, 2.9417341097431597, -4.40758429957128, -1.4537788604858832, 0.030679688472043908, -0.18816618485870817, -0.3863982385938507, -3.135473160703955, 4.568297530425358, 1.8218001392344427, 2.0658235402720875, -0.30340945630544514, -1.2550840081817094, -2.04797365657486, 0.33093311564701067, 1.2989663113869563], [0.04991796787636575, 0.176281260495664, 0.18931032576548046, 10.790572868990125, -1.6195443090518884, -10.004618771374544, 2.001102445944618, -0.3975503985559282, -2.16904047668191, -11.521807463575641, 1.8218001392344427, 11.315052202860835, -0.9156148300392295, 0.10572376199207599, 0.5975243746828418, -0.3952942555318999, 0.10165499123934105, 0.2394339818947489], [0.03382286208671592, 0.03452348769816635, 0.11210652558996821, -9.631018198765993, 9.526489999743916, -3.9674500049065538, -0.28732077827369873, 0.2472308522313484, -0.4522184795227695, -1.1474447743344753, 2.0658235402720875, -0.9156148300392295, 10.152077965432191, -10.405492320766434, 4.577637062658729, 0.847017797696122, -1.3941421226598574, 0.7075290234384588], [-0.059688159889252065, 0.06400761320021234, -0.05541370088361425, 9.395736548476721, -20.4677359417433, 6.880824846780731, -0.2636344904003524, 0.2313607179683112, 0.04973156289717247, 0.08093189975937674, -0.30340945630544514, 0.10572376199207599, -10.405492320766434, 22.150657943720883, -7.72108064316267, 1.184937886183927, -1.7588338228145515, 0.7978647330102386], [0.10326835847304805, 0.10427751646385278, 0.18331322764178112, -4.157872332789291, 7.234377242489154, -6.952590763770123, -1.343253563340106, 1.931721227137318, -1.9347229900781198, 0.6543778933367763, -1.2550840081817094, 0.5975243746828418, 4.577637062658729, -7.72108064316267, 8.085412388874785, 0.2845825534069293, -0.35872674082051126, 0.13667341629605484], [0.04262889041412013, -0.061372232459894184, -0.10389185098965974, -12.227215326906038, -11.681382981280848, -1.9451359578813274, -0.4162423185384767, -0.3712801520054896, -0.08296949901469577, -1.4514455843670167, -2.04797365657486, -0.3952942555318999, 0.847017797696122, 1.184937886183927, 0.2845825534069293, 13.224122011147227, 12.845655625805943, 2.1471796720530762], [-0.0737842329710019, 0.08568844060775582, -0.1749828533992148, -11.519962697057418, -20.34978658421931, -2.4325464119241977, -0.174931431335989, -0.4257168336878152, -0.2736489372135609, 0.3031009239260908, 0.33093311564701067, 0.10165499123934105, -1.3941421226598574, -1.7588338228145515, -0.35872674082051126, 12.845655625805943, 22.135835533996072, 2.931269719876726], [-0.2407066779595855, -0.4719324130119291, -0.41117081755284024, -2.042760744915353, -2.7375049578843176, -4.424315753393348, -1.5045967144686991, -1.9835418113530354, -0.6274070211748872, 0.8390216668645227, 1.2989663113869563, 0.2394339818947489, 0.7075290234384588, 0.7978647330102386, 0.13667341629605484, 2.1471796720530762, 2.931269719876726, 5.014911005056525]], "frequencies": ["504.03656286482175j", "(124.84135769774387+0j)", "(172.55617453795682+0j)", "(194.8899895772131+0j)", "(296.8276996135087+0j)", "(316.4770934281855+0j)", "(379.3444416273823+0j)", "(420.4055526941341+0j)", "(491.7386770685771+0j)", "(975.4867279736753+0j)", "(987.1665787909936+0j)", "(1120.9470262921732+0j)", "(1357.561244904791+0j)", "(1429.1977568908903+0j)", "(1437.4872508807268+0j)", "(2975.0863392036736+0j)", "(3041.2733681028767+0j)", "(3056.3401700832815+0j)"]}