{"hessian": [[9.951634705066681, -0.2424384467303753, -1.3564958702772856, -0.03293023910373449, -0.13594802003353834, 0.0031144008971750736, -1.7076068557798862, -0.027655670419335365, 0.6334123900160193, -0.005629030056297779, -0.10788952931761742, -0.07880707271397114], [-0.2424384467303753, 5.600738897919655, -0.8188928477466106, -0.03202997613698244, -0.17621861770749092, 0.03687755670398474, -0.015429523773491383, -1.5151613857597113, 0.23492590989917517, -0.08985755266621709, -0.20102955168113112, -0.061174441361799836], [-1.3564958702772856, -0.8188928477466106, 43.2762086391449, 0.02838072832673788, 0.0631274888291955, -0.029687117785215378, 0.6590669741854072, 0.2610043273307383, -35.679732263088226, 0.1233824179507792, 0.19290249329060316, 0.16777704586274922], [-0.03293023910373449, -0.03202997613698244, 0.02838072832673788, -4.307373613119125, -0.4017265047878027, -3.7980355322360992, 0.026742590125650167, 0.027761689852923155, -0.06181304343044758, 3.757122717797756, 1.7923323437571526, -3.461265377700329], [-0.13594802003353834, -0.17621861770749092, 0.0631274888291955, -0.4017265047878027, 2.4368932470679283, -3.874630481004715, 0.014003238175064325, 0.00979317119345069, -0.07131579332053661, -0.23086766013875604, -0.1272353809326887, -0.40669627487659454], [0.0031144008971750736, 0.03687755670398474, -0.029687117785215378, -3.7980355322360992, -3.874630481004715, 3.3067166805267334, 0.016233325004577637, 0.004750152584165335, 0.051389518193900585, 3.8987016305327415, 2.1630936302244663, -1.3758027460426092], [-1.7076068557798862, -0.015429523773491383, 0.6590669741854072, 0.026742590125650167, 0.014003238175064325, 0.016233325004577637, 1.887463964521885, 0.0017393496818840504, -0.6332278484478593, -0.019114103633910418, 0.029919028747826815, 0.048987066838890314], [-0.027655670419335365, -1.5151613857597113, 0.2610043273307383, 0.027761689852923155, 0.00979317119345069, 0.004750152584165335, 0.0017393496818840504, 1.9102558493614197, -0.32889454159885645, -0.07803421467542648, 0.02680791076272726, 0.04561459645628929], [0.6334123900160193, 0.23492590989917517, -35.679732263088226, -0.06181304343044758, -0.07131579332053661, 0.051389518193900585, -0.6332278484478593, -0.32889454159885645, 37.2218132019043, 0.10560746304690838, 0.04080270882695913, -0.03316812217235565], [-0.005629030056297779, -0.08985755266621709, 0.1233824179507792, 3.757122717797756, -0.23086766013875604, 3.8987016305327415, -0.019114103633910418, -0.07803421467542648, 0.10560746304690838, 0.4573439247906208, -2.2754245437681675, 2.8319885954260826], [-0.10788952931761742, -0.20102955168113112, 0.19290249329060316, 1.7923323437571526, -0.1272353809326887, 2.1630936302244663, 0.029919028747826815, 0.02680791076272726, 0.04080270882695913, -2.2754245437681675, 3.559926524758339, 2.392330579459667], [-0.07880707271397114, -0.061174441361799836, 0.16777704586274922, -3.461265377700329, -0.40669627487659454, -1.3758027460426092, 0.048987066838890314, 0.04561459645628929, -0.03316812217235565, 2.8319885954260826, 2.392330579459667, 9.088759124279022]], "frequencies": ["1348.412618575875j", "(218.90662565480858+0j)", "(273.85603799157076+0j)", "(280.9713574815221+0j)", "(302.33529072119654+0j)", "(381.3658093376638+0j)", "(415.16186526174215+0j)", "(453.5621926133776+0j)", "(736.3386746050553+0j)", "(740.7910871598747+0j)", "(1417.0123413541012+0j)", "(3274.270759743175+0j)"]}