{"hessian": [[1.352863061405412, -0.03895864065138452, 0.8962801342663596, -0.38976638373513517, 0.024901134117053896, -0.8173729782464955], [-0.03895864065138452, 1.4007498577843616, 0.5605711944972604, 0.025460349054633603, -0.4194947640375033, -0.5019500424199419], [0.8962801342663596, 0.5605711944972604, 78.70406458115411, -0.8958559022447474, -0.5562838799758161, -72.02474994463918], [-0.38976638373513517, 0.025460349054633603, -0.8958559022447474, 2.409033673514238, -0.1720325125216392, 1.2752928790294167], [0.024901134117053896, -0.4194947640375033, -0.5562838799758161, -0.1720325125216392, 2.6160203335135592, 0.761740733594172], [-0.8173729782464955, -0.5019500424199419, -72.02474994463918, 1.2752928790294167, 0.761740733594172, 75.8133861524362]], "frequencies": ["(143.9574962624142+0j)", "(149.41766209843294+0j)", "(229.4085976146688+0j)", "(251.55688806122714+0j)", "(320.0288782119487+0j)", "(1718.5298442209178+0j)"]}