{"hessian": [[4.327229410409927, 0.10759803117252886, -1.15162399597466, -1.0871856473386288, -0.032196679967455566, 2.0982651971280575], [0.10759803117252886, 4.159051552414894, -2.0194689743220806, -0.010865378135349602, -1.3150542508810759, 2.302415110170841], [-1.15162399597466, -2.0194689743220806, 50.36571025848389, 2.4334323592483997, 2.413035463541746, -44.21635568141937], [-1.0871856473386288, -0.010865378135349602, 2.4334323592483997, 1.0637864470481873, 0.06771086482331157, -2.158443722873926], [-0.032196679967455566, -1.3150542508810759, 2.413035463541746, 0.06771086482331157, 1.1901154182851315, -2.3206574842333794], [2.0982651971280575, 2.302415110170841, -44.21635568141937, -2.158443722873926, -2.3206574842333794, 44.7451114654541]], "frequencies": ["(203.46679311637465+0j)", "(209.24223631335786+0j)", "(336.09417845892744+0j)", "(524.1508256569804+0j)", "(565.654852579853+0j)", "(3589.7847066057707+0j)"]}