{"hessian": [[2.759282201660409, 0.016024400452714367, 0.017374229612389415, 0.4646111967601676, 0.0006170647587084763, 0.0006813423377408305], [0.016024400452714367, -3.0313820492192955, 2.7562161611405758, 0.0016519337811262344, 4.785677874954178, 4.53732859284767], [0.017374229612389415, 2.7562161611405758, 9.629102726910835, 0.010470817624336853, -3.1145315254552814, -1.2246485745099878], [0.4646111967601676, 0.0016519337811262344, 0.010470817624336853, 0.6119225523860429, -0.009570931517886789, -0.0019990327078998086], [0.0006170647587084763, 4.785677874954178, -3.1145315254552814, -0.009570931517886789, -4.774834247371454, -4.885867337391586], [0.0006813423377408305, 4.53732859284767, -1.2246485745099878, -0.0019990327078998086, -4.885867337391586, 1.646328776234584]], "frequencies": ["1453.843140890709j", "(167.3025330267984+0j)", "(197.63425895980325+0j)", "(415.7681812606451+0j)", "(431.4449794876427+0j)", "(1080.6172964913512+0j)"]}