{"hessian": [[6.497962772846222, -1.4410253148525953, -1.272400375455618, -0.016221520490944386, 0.03383664879947901, -0.027884449809789658], [-1.4410253148525953, 5.909523367881775, 0.6024989299476147, -0.01623878488317132, -0.015806278679519892, -0.09959391318261623], [-1.272400375455618, 0.6024989299476147, 13.7704536318779, -0.13344718026928604, 0.07640558760613203, 0.022649415768682957], [-0.016221520490944386, -0.01623878488317132, -0.13344718026928604, 0.8458761498332024, 0.3218238241970539, 0.5988410674035549], [0.03383664879947901, -0.015806278679519892, 0.07640558760613203, 0.3218238241970539, 2.1087033674120903, -0.06338899256661534], [-0.027884449809789658, -0.09959391318261623, 0.022649415768682957, 0.5988410674035549, -0.06338899256661534, 2.248488739132881]], "frequencies": ["(302.5453010982298+0j)", "(376.13998730031346+0j)", "(389.07726788841876+0j)", "(523.4630271409019+0j)", "(764.7621281758974+0j)", "(817.6789294520344+0j)"]}