{"hessian": [[3.658898342278537, 0.010798633277400759, 0.016680031758842244, 0.37851137964660614, 0.001336973643868705, -0.0033360063517684445], [0.010798633277400759, -3.022447465733827, -3.98155893350411, 0.009712342191757466, 5.3918668672905525, -4.4988713173127355], [0.016680031758842244, -3.98155893350411, 8.28277026753509, 0.0015040953493522572, 3.753836326509019, -1.2835782589666602], [0.37851137964660614, 0.009712342191757466, 0.0015040953493522572, 0.7967977251983052, -0.03231876673736371, -0.008266096663534145], [0.001336973643868705, 5.3918668672905525, 3.753836326509019, -0.03231876673736371, -4.91512649136702, 4.722145915838802], [-0.0033360063517684445, -4.4988713173127355, -1.2835782589666602, -0.008266096663534145, 4.722145915838802, 1.9689893674601575]], "frequencies": ["1453.7100134508557j", "(212.22936650270995+0j)", "(240.86850949891797+0j)", "(415.4643658882816+0j)", "(468.121708247428+0j)", "(1090.9758452494275+0j)"]}