{"hessian": [[48.347525209936414, 0.12322011900462645, 6.514436218539586, -42.03499129489471, -0.251678860700373, -1.6996084614943312, -4.080340716960715, -0.02108304592254428, 0.2623617943355159], [0.12322011900462645, 2.040838845302291, -0.36930683032920275, 0.19334052997079598, -3.0423670874758892, 0.048323883916368424, -0.18103137358613988, 0.9081072088082749, -0.0008356085274179405], [6.514436218539586, -0.36930683032920275, 11.392185297699411, -9.111353255564792, 0.054288843250551694, -7.005246956513258, 3.3520693187685815, 0.005007223406604234, 1.0879944414876423], [-42.03499129489471, 0.19334052997079598, -9.111353255564792, 53.84491657872403, -2.2549731720899873, -4.022516606863395, -8.338010418955317, -0.5663818876417663, 10.797508419767695], [-0.251678860700373, -3.0423670874758892, 0.054288843250551694, -2.2549731720899873, 9.192606543219329, -1.1875025615873098, -0.42076103234443674, -3.19784812339675, 0.9693637416259112], [-1.6996084614943312, 0.048323883916368424, -7.005246956513258, -4.022516606863395, -1.1875025615873098, 39.30944196671037, 8.259765321999485, 0.9836526474447576, -21.607724516910046], [-4.080340716960715, -0.18103137358613988, 3.3520693187685815, -8.338010418955317, -0.42076103234443674, 8.259765321999485, 12.394876964053491, 0.6371065078508381, -11.290376040270395], [-0.02108304592254428, 0.9081072088082749, 0.005007223406604234, -0.5663818876417663, -3.19784812339675, 0.9836526474447576, 0.6371065078508381, 1.4838607674729283, -1.0049092428306887], [0.2623617943355159, -0.0008356085274179405, 1.0879944414876423, 10.797508419767695, 0.9693637416259112, -21.607724516910046, -11.290376040270395, -1.0049092428306887, 20.970033083090016]], "frequencies": ["(19.517565389297935+0j)", "(161.63986399557226+0j)", "(259.75454627200446+0j)", "(343.85758232907796+0j)", "(526.1304243537197+0j)", "(756.7826610148452+0j)", "(1232.692220905878+0j)", "(1353.5112141899056+0j)", "(2890.5430451617235+0j)"]}