{"hessian": [[1.9533442047237326, -0.04580420281830814, 0.23935042104200727, -3.1926673505267593, 0.0205945363219001, -0.2422493398563568], [-0.04580420281830814, 1.9896867479085085, -0.29383852478755845, 0.020928779732867168, -3.210722922476889, 0.29807441724577705], [0.23935042104200727, -0.29383852478755845, 95.39035697619411, -0.031290325472849316, 0.23845696269346034, -90.24683939101007], [-3.1926673505267593, 0.020928779732867168, -0.031290325472849316, 5.028409296653275, -1.6752215480095343, 0.2686160027753438], [0.0205945363219001, -3.210722922476889, 0.23845696269346034, -1.6752215480095343, 6.9014450941342425, -0.5752714768219125], [-0.2422493398563568, 0.29807441724577705, -90.24683939101007, 0.2686160027753438, -0.5752714768219125, 102.03949971711137]], "frequencies": ["82.68507005916636j", "(102.41085694595243+0j)", "(362.08058506409185+0j)", "(401.9646798683865+0j)", "(450.482790997782+0j)", "(1941.4890629336116+0j)"]}