{"hessian": [[48.786502508178565, -1.7027130685615837, -0.05455238132458343, -5.142219178087595, 0.03674749193267862, 0.004306597795153866, -8.803007281189679, 9.112259569429146, 3.9081539382493986, -9.789539564175076, -9.774980692524295, 4.367275829760221, -25.755595258401932, 0.6462210685575966, -8.271046037119627], [-1.7027130685615837, 50.69252555921882, 0.2652414298761561, 0.050798570709106046, -5.187971958842678, -0.04415869679508526, 9.121978339378806, -20.658871750753292, -7.2146311702104775, -9.631114615134543, -19.70143150003784, 7.025873631624674, 0.500722340660428, -3.86285110054754, 0.1588234700305329], [-0.05455238132458343, 0.2652414298761561, 43.90663869666858, 0.014995959188199964, -0.07396421019229198, -21.559599893488674, 3.5456476757817965, -6.5404043604685755, -6.581008507143182, 3.9014369312405393, 6.361834818159365, -6.590058790270907, -7.459985117134087, 0.1942275605614397, -6.567934447568043], [-5.142219178087595, 0.050798570709106046, 0.014995959188199964, 5.63625665052868, -1.8186055435565454, -0.15417620106650864, -0.08410078440566161, -0.13801681769782684, 1.3265863870970702, -0.06817280032149547, 0.1858200532240349, 1.457063444774426, 0.19856629714610963, 0.006961261809181562, -2.7860666688431053], [0.03674749193267862, -5.187971958842678, -0.07396421019229198, -1.8186055435565454, 7.478413499042604, 0.35138624129504, -0.13737404190750535, 0.09438519705080517, -2.4490271831880404, 0.18870611652257824, 0.08383081857372651, 2.3707178086531755, 0.012707677374655526, -0.1930512808651514, 0.06577524662359638], [0.004306597795153866, -0.04415869679508526, -21.559599893488674, -0.15417620106650864, 0.35138624129504, 58.56980714718751, 0.2583058790985874, -0.463248512084686, -1.8381973496455437, 0.27582794714275083, 0.4528483997972846, -1.8535661187921302, -0.5256813245986107, 0.0070191116303105, -1.8475497373947214], [-8.803007281189679, 9.121978339378806, 3.5456476757817965, -0.08410078440566161, -0.13737404190750535, 0.2583058790985874, 9.457250191610486, -10.141221482333663, -4.184213284676664, 0.640127554065349, -1.231217743087073, -0.5873235228904401, -1.1874897060715033, 2.2945488775000804, 1.0139980925058345], [9.112259569429146, -20.658871750753292, -6.5404043604685755, -0.13801681769782684, 0.09438519705080517, -0.463248512084686, -10.141221482333663, 22.621799742510717, 7.707743045513499, 1.1006892633464913, -1.8825874457251448, -0.821846697747133, -0.040012792947511734, -0.04500073308040636, 0.04676836650379042], [3.9081539382493986, -7.2146311702104775, -6.581008507143182, 1.3265863870970702, -2.4490271831880404, -1.8381973496455437, -4.184213284676664, 7.707743045513499, 7.524693355945752, -0.5445082274971267, 0.8512601179122435, 0.4049166091130123, -0.40956387807703654, 0.9201206883293829, 0.4035539244375308], [-9.789539564175076, -9.631114615134543, 3.9014369312405393, -0.06817280032149547, 0.18870611652257824, 0.27582794714275083, 0.640127554065349, 1.1006892633464913, -0.5445082274971267, 10.487671205559034, 10.687972997339013, -4.553500831732158, -1.3066539098392014, -2.227378807411487, 1.0105978085750338], [-9.774980692524295, -19.70143150003784, 6.361834818159365, 0.1858200532240349, 0.08383081857372651, 0.4528483997972846, -1.231217743087073, -1.8825874457251448, 0.8512601179122435, 10.687972997339013, 21.442653266197585, -7.45983085094441, 0.10706073563594468, 0.07079532554600715, -0.10150715280756711], [4.367275829760221, 7.025873631624674, -6.590058790270907, 1.457063444774426, 2.3707178086531755, -1.8535661187921302, -0.5873235228904401, -0.821846697747133, 0.4049166091130123, -4.553500831732158, -7.45983085094441, 7.502928967685465, -0.459623256627273, -0.8956502139918446, 0.405148008397528], [-25.755595258401932, 0.500722340660428, -7.459985117134087, 0.19856629714610963, 0.012707677374655526, -0.5256813245986107, -1.1874897060715033, -0.040012792947511734, -0.40956387807703654, -1.3066539098392014, 0.10706073563594468, -0.459623256627273, 28.060827069537158, -0.6402111149180909, 8.737521283671725], [0.6462210685575966, -3.86285110054754, 0.1942275605614397, 0.006961261809181562, -0.1930512808651514, 0.0070191116303105, 2.2945488775000804, -0.04500073308040636, 0.9201206883293829, -2.227378807411487, 0.07079532554600715, -0.8956502139918446, -0.6402111149180909, 3.93770876908838, -0.22684200416235126], [-8.271046037119627, 0.1588234700305329, -6.567934447568043, -2.7860666688431053, 0.06577524662359638, -1.8475497373947214, 1.0139980925058345, 0.04676836650379042, 0.4035539244375308, 1.0105978085750338, -0.10150715280756711, 0.405148008397528, 8.737521283671725, -0.22684200416235126, 7.463925332728759]], "frequencies": ["152.05520523963574j", "(58.00259407762484+0j)", "(189.0160214000756+0j)", "(230.0652361744081+0j)", "(322.2039235720831+0j)", "(500.441406728324+0j)", "(943.2962942901195+0j)", "(963.6358809111978+0j)", "(1263.5066536550448+0j)", "(1343.2919558776975+0j)", "(1415.307082967429+0j)", "(1417.4156967382926+0j)", "(2963.5285327625966+0j)", "(3031.2534583875117+0j)", "(3035.0742165254624+0j)"]}