{"hessian": [[10.33843606710434, 0.10519002098590136, 0.204352883156389, 0.37626498378813267, -0.09465072071179748, -0.05805867840535939], [0.10519002098590136, 0.43037841096520424, -4.178161174058914, -0.027659081388264894, 4.99336551874876, -0.3889493062160909], [0.204352883156389, -4.178161174058914, 2.409120835363865, -0.03357920213602483, 4.246248677372932, -0.578674185089767], [0.37626498378813267, -0.027659081388264894, -0.03357920213602483, 0.22132026497274637, 0.043859766446985304, -0.023891276214271784], [-0.09465072071179748, 4.99336551874876, 4.246248677372932, 0.043859766446985304, -5.400688946247101, -1.5238724648952484], [-0.05805867840535939, -0.3889493062160909, -0.578674185089767, -0.023891276214271784, -1.5238724648952484, 8.915533870458603]], "frequencies": ["1279.9160496353866j", "(233.85439992379156+0j)", "(278.6344093134323+0j)", "(333.6111598824288+0j)", "(453.70066494093567+0j)", "(1566.037982831413+0j)"]}