{"hessian": [[53.38388681411743, 0.014271127292886376, 0.010429124813526869, -10.742785781621933, -9.08351056277752, 7.12827630341053, -16.047827899456024, 9.611545875668526, -9.38086211681366, -11.404277756810188, -8.350129425525665, -8.482962101697922, -15.190736949443817, 7.807907462120056, 10.725327208638191], [0.014271127292886376, 53.384554386138916, -0.06483246979769319, -9.083813801407814, -17.126955091953278, 10.065777599811554, 9.6129160374403, -12.185101211071014, 7.683742791414261, -8.350769057869911, -14.151619374752045, -9.988487511873245, 7.807387784123421, -9.920619800686836, -7.696332409977913], [0.010429124813526869, -0.06483246979769319, 53.3664345741272, 7.1282945573329926, 10.065391659736633, -12.204119563102722, -9.382064640522003, 7.6836854219436646, -11.809832230210304, -8.482662215828896, -9.987320750951767, -14.459118992090225, 10.72595901787281, -7.697370648384094, -14.893482625484467], [-10.742785781621933, -9.083813801407814, 7.1282945573329926, 11.307665705680847, 9.940947964787483, -7.801510393619537, 1.200062595307827, 1.4815762639045715, -1.1309975758194923, -0.8102815132588148, -0.9218305349349976, 0.9204603731632233, -0.9542961604893208, -1.4172540046274662, 0.8838114328682423], [-9.08351056277752, -17.126955091953278, 10.065391659736633, 9.940947964787483, 18.291817605495453, -11.013048887252808, -0.8526116143912077, -1.1110734194517136, 0.7184433285146952, -0.733739766292274, -1.2311865575611591, 1.0549324098974466, 0.7290982641279697, 1.177119743078947, -0.8256828878074884], [7.12827630341053, 10.065777599811554, -12.204119563102722, -7.801510393619537, -11.013048887252808, 12.905623018741608, 0.8646717295050621, 0.9491692297160625, -0.8982667233794928, -0.9544267319142818, -1.3815099373459816, 1.230600569397211, 0.7628220831975341, 1.3799612410366535, -1.0337133426219225], [-16.047827899456024, 9.6129160374403, -9.382064640522003, 1.200062595307827, -0.8526116143912077, 0.8646717295050621, 17.111651599407196, -10.52069328725338, 10.266818478703499, -1.0240700095891953, 0.8724591694772243, -0.6455296650528908, -1.2392619624733925, 0.8882164023816586, -1.1041695717722178], [9.611545875668526, -12.185101211071014, 7.6836854219436646, 1.4815762639045715, -1.1110734194517136, 0.9491692297160625, -10.52069328725338, 12.884336709976196, -8.409713581204414, -1.3231126125901937, 1.209019124507904, -0.9983398485928774, 0.7504994282498956, -0.7973314262926579, 0.7754330756142735], [-9.38086211681366, 7.683742791414261, -11.809832230210304, -1.1309975758194923, 0.7184433285146952, -0.8982667233794928, 10.266818478703499, -8.409713581204414, 12.473050504922867, -1.0823737364262342, 1.1145672760903835, -0.9926944505423307, 1.3275744393467903, -1.1068360414355993, 1.227529626339674], [-11.404277756810188, -8.350769057869911, -8.482662215828896, -0.8102815132588148, -0.733739766292274, -0.9544267319142818, -1.0240700095891953, -1.3231126125901937, -1.0823737364262342, 12.030991911888123, 9.141204506158829, 9.282711148262024, 1.2080012820661068, 1.2664128094911575, 1.2366986833512783], [-8.350129425525665, -14.151619374752045, -9.987320750951767, -0.9218305349349976, -1.2311865575611591, -1.3815099373459816, 0.8724591694772243, 1.209019124507904, 1.1145672760903835, 9.141204506158829, 15.04097580909729, 10.935905948281288, -0.7415706757456064, -0.8670726325362921, -0.6817495916038752], [-8.482962101697922, -9.988487511873245, -14.459118992090225, 0.9204603731632233, 1.0549324098974466, 1.230600569397211, -0.6455296650528908, -0.9983398485928774, -0.9926944505423307, 9.282711148262024, 10.935905948281288, 15.375876426696777, -1.0745103936642408, -1.004117913544178, -1.1545286513864994], [-15.190736949443817, 7.807387784123421, 10.72595901787281, -0.9542961604893208, 0.7290982641279697, 0.7628220831975341, -1.2392619624733925, 0.7504994282498956, 1.3275744393467903, 1.2080012820661068, -0.7415706757456064, -1.0745103936642408, 16.17676019668579, -8.545408770442009, -11.741786077618599], [7.807907462120056, -9.920619800686836, -7.697370648384094, -1.4172540046274662, 1.177119743078947, 1.3799612410366535, 0.8882164023816586, -0.7973314262926579, -1.1068360414355993, 1.2664128094911575, -0.8670726325362921, -1.004117913544178, -8.545408770442009, 10.407958924770355, 8.428332954645157], [10.725327208638191, -7.696332409977913, -14.893482625484467, 0.8838114328682423, -0.8256828878074884, -1.0337133426219225, -1.1041695717722178, 0.7754330756142735, 1.227529626339674, 1.2366986833512783, -0.6817495916038752, -1.1545286513864994, -11.741786077618599, 8.428332954645157, 15.854264795780182]], "frequencies": ["42.19807208358661j", "39.56849729905426j", "21.297075921604467j", "0.2043663566493977j", "(0.26261909448938414+0j)", "(0.4315261927006324+0j)", "(1326.9221452806148+0j)", "(1327.4721850522876+0j)", "(1327.809401961115+0j)", "(1548.2328976287333+0j)", "(1548.359050242067+0j)", "(3054.097824067541+0j)", "(3163.0849388617567+0j)", "(3164.51554896229+0j)", "(3166.4040227498544+0j)"]}