{"hessian": [[21.016685749951545, 11.294611932728612, 5.834257304979307, -10.931289345007304, -5.462199394267528, 1.7450462821121562, -2.3992827647750614, -1.8319817077531353, 2.604996728709546, -7.8363367701252145, -4.4445310519989585, -11.576212006468449], [11.294611932728612, 7.860273740556786, 3.31569463679429, -5.468035798443648, -4.578787631323404, 0.9959425205557041, -1.8230856908150859, -0.2967438713598115, 1.4986188996187093, -4.417213080910296, -2.725594322489661, -6.6720191312948005], [5.834257304979307, 3.31569463679429, 53.6696958982824, 9.006548662952877, 5.203469283147329, -11.75482654308298, -0.319298873842192, -0.18042073658533453, 0.23549376630007818, -15.232160007869412, -8.823408984774483, -39.089606218662524], [-10.931289345007304, -5.468035798443648, 9.006548662952877, 30.714681186069036, 14.444817514546738, 3.7671353576107705, -15.028393654579602, -7.860093763335496, -10.811019566880251, 0.32985325231927054, -0.07048679316665278, -0.6376464395147082], [-5.462199394267528, -4.578787631323404, 5.203469283147329, 14.444817514546738, 14.069732129862544, 2.171965106527872, -7.864355366825327, -5.937602796547194, -6.234243823780553, -0.07744162721793113, 0.417630714245571, -0.3686126324756555], [1.7450462821121562, 0.9959425205557041, -11.75482654308298, 3.7671353576107705, 2.171965106527872, 32.513553512862714, -7.172600061281356, -4.144778989940442, -10.375365419474067, 2.778334076085538, 1.595260239693543, -2.403525084991183], [-2.3992827647750614, -1.8230856908150859, -0.319298873842192, -15.028393654579602, -7.864355366825327, -7.172600061281356, 17.396636776440037, 9.178176226726613, 8.370599151524615, 0.02081308009060938, 0.1221338279189832, -0.11653525078528315], [-1.8319817077531353, -0.2967438713598115, -0.18042073658533453, -7.860093763335496, -5.937602796547194, -4.144778989940442, 9.178176226726613, 6.79268743041185, 4.826989074998139, 0.1173515760389914, -0.12124679732833955, -0.07397063795019518], [2.604996728709546, 1.4986188996187093, 0.23549376630007818, -10.811019566880251, -6.234243823780553, -10.375365419474067, 8.370599151524615, 4.826989074998139, 10.830823488980057, 0.18302397853613633, 0.10613513849788171, 0.43512064350021834], [-7.8363367701252145, -4.417213080910296, -15.232160007869412, 0.32985325231927054, -0.07744162721793113, 2.778334076085538, 0.02081308009060938, 0.1173515760389914, 0.18302397853613633, 7.456250589792321, 4.212032620881779, 12.040469676543943], [-4.4445310519989585, -2.725594322489661, -8.823408984774483, -0.07048679316665278, 0.417630714245571, 1.595260239693543, 0.1221338279189832, -0.12124679732833955, 0.10613513849788171, 4.212032620881779, 2.5805005433403942, 6.938925350467888], [-11.576212006468449, -6.6720191312948005, -39.089606218662524, -0.6376464395147082, -0.3686126324756555, -2.403525084991183, -0.11653525078528315, -0.07397063795019518, 0.43512064350021834, 12.040469676543943, 6.938925350467888, 41.43627135724186]], "frequencies": ["(72.30742574119385+0j)", "(119.20055066107308+0j)", "(166.76861861357975+0j)", "(277.4993085996471+0j)", "(310.9050930652604+0j)", "(476.0657806705292+0j)", "(677.1996955169641+0j)", "(968.765058426274+0j)", "(1155.9286510513227+0j)", "(1332.5114084630811+0j)", "(2856.9344739763656+0j)", "(3656.2500555676297+0j)"]}