{"hessian": [[1.141711214284808, 0.014205344966104563, -0.09321534511242005, -1.226429063449178, 0.014346755639975253, 0.022664274366735144, 0.5154419062587896, 0.009378098780790284, 0.009493798423048167, -0.1835960489895225, -0.03619470475300228, 0.0424424854349269], [0.014205344966104563, 35.919018216533296, -13.545053535496834, 0.006427757903214727, -7.1226820934049915, -2.390978101564108, 0.008516779221759536, -3.342311982271502, -3.4144635647350876, -0.023217061546411608, -26.199959017766975, 18.87678229984491], [-0.09321534511242005, -13.545053535496834, 44.92902501323811, 0.05091427035136399, -8.086093731212525, -18.589673637582017, -0.012572694458688098, -1.8621985976561475, -1.5377382342176742, 0.03497343075139139, 22.799520820776703, -22.33825205812621], [-1.226429063449178, 0.006427757903214727, 0.05091427035136399, 8.307118614472467, 1.353486553922024, 0.1419506055345942, -1.0970382968574655, 0.00456370811128242, -0.008131113747566598, 0.3022910264302859, -0.010033730086918203, -0.002513253340156985], [0.014346755639975253, -7.1226820934049915, -8.086093731212525, 1.353486553922024, 20.198882111925535, 2.9460342797804104, -0.008394651821598417, -5.182881174583332, 5.4471070187107795, -0.020530258742867902, 0.7539824298049917, 1.8656438758922707], [0.022664274366735144, -2.390978101564108, -18.589673637582017, 0.1419506055345942, 2.9460342797804104, 32.077134462266045, -0.016088678031746493, -1.077240802515564, -3.5681705394746617, 0.003554550120477744, -1.954012691545667, -2.8662593764436117], [0.5154419062587896, 0.008516779221759536, -0.012572694458688098, -1.0970382968574655, -0.008394651821598417, -0.016088678031746493, 0.7939952227525036, -0.01536876914658633, 0.010065868876434292, 0.040700563043155696, -0.0037795216470903623, -0.0017419223917711755], [0.009378098780790284, -3.342311982271502, -1.8621985976561475, 0.00456370811128242, -5.182881174583332, -1.077240802515564, -0.01536876914658633, 7.708115855471885, -0.4910164262265737, -0.002558247645479436, -0.04422940213202062, 0.13889742053056722], [0.009493798423048167, -3.4144635647350876, -1.5377382342176742, -0.008131113747566598, 5.4471070187107795, -3.5681705394746617, 0.010065868876434292, -0.4910164262265737, 11.760894346543616, 0.001909044097254801, -0.47719674673466195, 0.13099770606751632], [-0.1835960489895225, -0.023217061546411608, 0.03497343075139139, 0.3022910264302859, -0.020530258742867902, 0.003554550120477744, 0.040700563043155696, -0.002558247645479436, 0.001909044097254801, 0.060305224647960634, 0.027992885668500084, -0.05954674921538129], [-0.03619470475300228, -26.199959017766975, 22.799520820776703, -0.010033730086918203, 0.7539824298049917, -1.954012691545667, -0.0037795216470903623, -0.04422940213202062, -0.47719674673466195, 0.027992885668500084, 25.175470824363092, -20.605052133829673], [0.0424424854349269, 18.87678229984491, -22.33825205812621, -0.002513253340156985, 1.8656438758922707, -2.8662593764436117, -0.0017419223917711755, 0.13889742053056722, 0.13099770606751632, -0.05954674921538129, -20.605052133829673, 25.594817749968822]], "frequencies": ["27.268806929546514j", "(119.46797807506172+0j)", "(153.7523485401373+0j)", "(280.89486955281325+0j)", "(346.2125847331606+0j)", "(502.0350073689287+0j)", "(548.4906282694076+0j)", "(1002.4513521234986+0j)", "(1220.7731164320437+0j)", "(1476.110870675381+0j)", "(1819.811802602268+0j)", "(3629.0130327275033+0j)"]}