{"hessian": [[47.288127863360174, -2.0936364487192973, -0.145929387676684, -22.461060800625027, 1.4163757372470769, -13.263247773504093, -22.19993313580693, -1.4731778338377857, 13.381974889734371, -0.5380547585622991, 0.013890384828847127, -0.000809897495805071], [-2.0936364487192973, 6.736868780780333, -0.27064074651485615, 0.6517425125964584, -2.942621140333803, 0.016197949916101288, -0.9687916711725251, -2.977671704180033, 0.3059998427404407, 0.0030531850040270286, 1.1476311793136686, 3.5572433510391965], [-0.145929387676684, -0.27064074651485615, 40.507537473322174, -11.05742766609999, 0.7324430130713193, -11.472853659384757, 11.161955865122067, 0.8176365163205271, -11.751766930321052, 0.006202786376602299, -0.7485316911030654, -0.9129215994777828], [-22.461060800625027, 0.6517425125964584, -11.05742766609999, 24.04836347603439, -0.8569422558986854, 12.532109595287125, -1.7730970176017848, 0.11915134825189155, -1.477953657959874, 0.08542490253372384, 0.07805226421873648, 0.10075510513289088], [1.4163757372470769, -2.942621140333803, 0.7324430130713193, -0.8569422558986854, 1.480261223047128, -0.2986464876991631, -0.1482690915534543, 1.022521299485497, 0.0940316703661282, -0.24770007855828308, -0.07623963649003013, -0.48018565415965686], [-13.263247773504093, 0.016197949916101288, -11.472853659384757, 12.532109595287125, -0.2986464876991631, 11.871541771089555, 1.4995509245146756, 0.11084025728303493, 0.8275995410705101, -0.0935238774917744, 0.0012534127911268192, -0.12678109688300754], [-22.19993313580693, -0.9687916711725251, 11.161955865122067, -1.7730970176017848, -0.1482690915534543, 1.4995509245146756, 23.650382417698946, 1.1204674744146832, -12.590994285438477, 0.0826931054248576, -0.07176591698939236, -0.1008258104698263], [-1.4731778338377857, -2.977671704180033, 0.8176365163205271, 0.11915134825189155, 1.022521299485497, 0.11084025728303493, 1.1204674744146832, 1.4677913727148915, -0.45307337132389713, 0.24202436832974447, -0.05477092509329276, -0.46753582660613024], [13.381974889734371, 0.3059998427404407, -11.751766930321052, -1.477953657959874, 0.0940316703661282, 0.8275995410705101, -12.590994285438477, -0.45307337132389713, 12.039023431015716, 0.07762803219712423, 0.014610293714007079, -0.12599048266091206], [-0.5380547585622991, 0.0030531850040270286, 0.006202786376602299, 0.08542490253372384, -0.24770007855828308, -0.0935238774917744, 0.0826931054248576, 0.24202436832974447, 0.07762803219712423, 0.9441090808241805, 0.06250351785086011, 0.036837480543323725], [0.013890384828847127, 1.1476311793136686, -0.7485316911030654, 0.07805226421873648, -0.07623963649003013, 0.0012534127911268192, -0.07176591698939236, -0.05477092509329276, 0.014610293714007079, 0.06250351785086011, 0.7154608766910258, -3.420981311248947], [-0.000809897495805071, 3.5572433510391965, -0.9129215994777828, 0.10075510513289088, -0.48018565415965686, -0.12678109688300754, -0.1008258104698263, -0.46753582660613024, -0.12599048266091206, 0.036837480543323725, -3.420981311248947, 1.3358423584776995]], "frequencies": ["856.8313577699574j", "113.50261376132586j", "(238.41885649257878+0j)", "(251.0620157968939+0j)", "(519.8502824221964+0j)", "(616.729168349566+0j)", "(720.5232618941135+0j)", "(893.2398713424751+0j)", "(1129.1355993138338+0j)", "(1381.2995556982576+0j)", "(3000.492748748412+0j)", "(3087.9740152293257+0j)"]}