{"hessian": [[9.096807239429817, -1.5713039859882616, -0.4094031841294562, -1.079214124191851, 0.0030981793093495195, 0.0507792874353964], [-1.5713039859882616, 10.881024278204162, -0.2232553152523574, 0.003695960794348443, -1.0827365355228127, 0.03242161086381516], [-0.4094031841294562, -0.2232553152523574, 44.23903091335962, 0.05105568102523467, 0.03301939234881414, -29.404369881982905], [-1.079214124191851, 0.003695960794348443, 0.05105568102523467, 1.4380694201704265, -0.03322508060171697, -0.049243053296528186], [0.0030981793093495195, -1.0827365355228127, 0.03301939234881414, -0.03322508060171697, 1.474836195376815, -0.03110392049365618], [0.0507792874353964, 0.03242161086381516, -29.404369881982905, -0.049243053296528186, -0.03110392049365618, 30.67477766500588]], "frequencies": ["(392.2400340805345+0j)", "(475.8108985980723+0j)", "(580.1952502813405+0j)", "(643.2630491462922+0j)", "(666.1975408864519+0j)", "(2990.0631593267376+0j)"]}