{"hessian": [[40.571120854500776, 2.486443161942653, 16.166093947932804, -38.87203946915451, -2.5060542513053616, -15.79007011059474, -0.6884385824659112, 0.0813111374756663, -0.28368266730047914], [2.486443161942653, -0.33065672205717245, 0.6788483676743147, -2.7053854516419538, -1.3987379695606554, -1.2017786118903495, 0.513385023729761, 2.397579408930709, 3.9852870330879755], [16.166093947932804, 0.6788483676743147, 16.29107527260291, -16.846613532661955, -1.167962177561537, -8.506906185620188, 0.049255908812334416, -0.7263816373685877, 0.35737691166083607], [-38.87203946915451, -2.7053854516419538, -16.846613532661955, 38.732139318391035, 2.9568714796052302, 16.791636919315756, 0.21422431539834058, -0.13601778498992695, -0.12923650040203555], [-2.5060542513053616, -1.3987379695606554, -1.167962177561537, 2.9568714796052302, 1.2826462340706941, 1.3704429792707042, -0.6205550312500603, 0.11042245301932599, -0.12196670621349975], [-15.79007011059474, -1.2017786118903495, -8.506906185620188, 16.791636919315756, 1.3704429792707042, 9.483102633897214, -0.2475072458211867, 0.01689857552755157, -0.17171112462647853], [-0.6884385824659112, 0.513385023729761, 0.049255908812334416, 0.21422431539834058, -0.6205550312500603, -0.2475072458211867, 1.3072902578716197, 0.2091335311389947, 0.42420631058055974], [0.0813111374756663, 2.397579408930709, -0.7263816373685877, -0.13601778498992695, 0.11042245301932599, 0.01689857552755157, 0.2091335311389947, -1.7395569768628105, -3.412104577584607], [-0.28368266730047914, 3.9852870330879755, 0.35737691166083607, -0.12923650040203555, -0.12196670621349975, -0.17171112462647853, 0.42420631058055974, -3.412104577584607, -0.8392209273595226]], "frequencies": ["1162.7102051379964j", "(115.10413123523234+0j)", "(143.01303902984915+0j)", "(363.3052930803631+0j)", "(387.60433446043703+0j)", "(664.1171254116358+0j)", "(725.0760051555413+0j)", "(828.4700686190666+0j)", "(3654.2970142999447+0j)"]}