{"hessian": [[31.201910972595215, -23.08850735425949, 0.39627705700695515, -14.08659964799881, 11.661019176244736, 13.056479394435883, -15.002679079771042, 12.173954769968987, -13.061466813087463], [-23.08850735425949, 25.246262550354004, 0.5508089903742075, 11.70908622443676, -11.40960045158863, -11.793868988752365, 12.239734083414078, -11.573624610900879, 11.309589818120003], [0.39627705700695515, 0.5508089903742075, 38.843345642089844, 10.608217865228653, -9.605305269360542, -15.650144219398499, -10.516544803977013, 9.141378477215767, -14.4842229783535], [-14.08659964799881, 11.70908622443676, 10.608217865228653, 15.261530876159668, -12.60179579257965, -12.074482068419456, -1.147081283852458, 0.9964275173842907, 1.3760968577116728], [11.661019176244736, -11.40960045158863, -9.605305269360542, -12.60179579257965, 12.449357658624649, 11.004355549812317, 0.9649133775383234, -0.8316852618008852, -1.1752841528505087], [13.056479394435883, -11.793868988752365, -15.650144219398499, -12.074482068419456, 11.004355549812317, 15.671145915985107, -1.295412890613079, 1.1444425210356712, 0.7739879656583071], [-15.002679079771042, 12.239734083414078, -10.516544803977013, -1.147081283852458, 0.9649133775383234, -1.295412890613079, 16.2423238158226, -13.090534508228302, 11.960901692509651], [12.173954769968987, -11.573624610900879, 9.141378477215767, 0.9964275173842907, -0.8316852618008852, 1.1444425210356712, -13.090534508228302, 12.54035085439682, -10.46329103410244], [-13.061466813087463, 11.309589818120003, -14.4842229783535, 1.3760968577116728, -1.1752841528505087, 0.7739879656583071, 11.960901692509651, -10.46329103410244, 14.49313759803772]], "frequencies": ["(137.14124282230136+0j)", "(239.2865353887517+0j)", "(417.9383792230569+0j)", "(549.1342368065624+0j)", "(561.5101109577138+0j)", "(600.2283802782331+0j)", "(1397.8676766261783+0j)", "(3277.5895959887152+0j)", "(3362.070258233768+0j)"]}