{"hessian": [[43.96522128219847, 5.740013518602372, 2.38092508820348, -21.993023608902448, -2.811012797265481, -13.24237041583445, -13.907675497606693, -9.47273466039933, 8.493446460570857, -5.576555635123622, 6.4636762143779, 2.5371324607674044], [5.740013518602372, 36.69304882323841, -6.041443225473627, -2.030072350814407, -3.4171825063281474, -0.006607735124504683, -10.161218237170562, -12.411981227833946, 9.686001239870093, 6.474686963666107, -17.267310287427357, -5.249832700903217], [2.38092508820348, -6.041443225473627, 25.012732849769503, -10.483049647626622, -0.29099745579433756, -9.16866957278776, 6.874840604172839, 7.590545735664186, -8.912311304333844, 0.2643351160118028, -0.4078348112010718, -3.168588969421317], [-21.993023608902448, -2.030072350814407, -10.483049647626622, 24.54432927584644, 1.8699119071400054, 11.943886186290236, -1.4480067338887965, 0.003162456888381642, -0.939667500113059, -1.1539432375746257, 0.15048666803006344, -0.7283870978343907], [-2.811012797265481, -3.4171825063281474, -0.29099745579433756, 1.8699119071400054, 3.8990265220268334, 0.39967798642189223, -1.648842029574741, -0.0804883844640549, -0.9360808112030652, 2.23336305001938, -0.4417669451721424, 1.3632696014507166], [-13.24237041583445, -0.006607735124504683, -9.16866957278776, 11.943886186290236, 0.39967798642189223, 9.544783398736465, 1.2852559037793994, 0.11953701372608452, 0.6505726606580728, 0.16001903300053083, -0.12685822997784607, 0.15836709921940467], [-13.907675497606693, -10.161218237170562, 6.874840604172839, -1.4480067338887965, -1.648842029574741, 1.2852559037793994, 14.795657396420003, 10.761435842414851, -7.937631806921974, 0.43205460298038484, 0.8655361682152837, -0.557177338324363], [-9.47273466039933, -12.411981227833946, 7.590545735664186, 0.003162456888381642, -0.0804883844640549, 0.11953701372608452, 10.761435842414851, 14.419684981145164, -8.624547010764823, -1.2667053944707218, -1.9395180974739177, 1.3231603921346564], [8.493446460570857, 9.686001239870093, -8.912311304333844, -0.939667500113059, -0.9360808112030652, 0.6505726606580728, -7.937631806921974, -8.624547010764823, 9.339930754361012, -0.04042416945331745, -0.19199712856902407, 0.12692250755687823], [-5.576555635123622, 6.474686963666107, 0.2643351160118028, -1.1539432375746257, 2.23336305001938, 0.16001903300053083, 0.43205460298038484, -1.2667053944707218, -0.04042416945331745, 6.474114893212721, -7.414483018937231, -1.166085272253798], [6.4636762143779, -17.267310287427357, -0.4078348112010718, 0.15048666803006344, -0.4417669451721424, -0.12685822997784607, 0.8655361682152837, -1.9395180974739177, -0.19199712856902407, -7.414483018937231, 19.835263847340677, 2.6604232851089664], [2.5371324607674044, -5.249832700903217, -3.168588969421317, -0.7283870978343907, 1.3632696014507166, 0.15836709921940467, -0.557177338324363, 1.3231603921346564, 0.12692250755687823, -1.166085272253798, 2.6604232851089664, 4.552472390467643]], "frequencies": ["(141.13637030840613+0j)", "(232.8744248964083+0j)", "(280.1082265610734+0j)", "(372.9601316544739+0j)", "(588.2577881325637+0j)", "(636.9682163808678+0j)", "(1235.7256888014676+0j)", "(1301.8917147838622+0j)", "(1430.4562768156418+0j)", "(2609.725977940196+0j)", "(2986.356909991284+0j)", "(3053.9982092373266+0j)"]}