{"hessian": [[14.837026446285092, 19.39487887011773, -10.048218253232049, -15.589350514551054, -18.09843223982883, 10.568024607107121, 1.8513421145576179, -1.048058781634969, -3.233374341327818], [19.39487887011773, 24.999671645710176, -13.671616088611133, -17.940656494336523, -24.054611256716314, 13.044472605510276, -1.4650595756060252, -0.20137522734981478, 2.3044090581236123], [-10.048218253232049, -13.671616088611133, 17.326625637358223, 11.078697117001727, 13.946691988079206, -9.36200367500065, 0.716964972040378, -0.4894609088139958, 0.38424493969627377], [-15.589350514551054, -17.940656494336523, 11.078697117001727, 15.616276392407622, 18.086977975245304, -11.147975491682576, -0.16262870270923607, -0.38760665707965497, 0.1188556713883437], [-18.09843223982883, -24.054611256716314, 13.946691988079206, 18.086977975245304, 23.456251273506055, -13.754148500088409, 0.09912245462547435, 0.6077187987173404, 0.11711374899657254], [10.568024607107121, 13.044472605510276, -9.36200367500065, -11.147975491682576, -13.754148500088409, 10.258110259803624, 0.08103474388582821, 0.21047050478286333, -0.17052841717228692], [1.8513421145576179, -1.4650595756060252, 0.716964972040378, -0.16262870270923607, 0.09912245462547435, 0.08103474388582821, -0.9967781290831218, 1.5132613321222326, 2.9011171075527455], [-1.048058781634969, -0.20137522734981478, -0.4894609088139958, -0.38760665707965497, 0.6077187987173404, 0.21047050478286333, 1.5132613321222326, 0.2606584384911636, -2.18165816544592], [-3.233374341327818, 2.3044090581236123, 0.38424493969627377, 0.1188556713883437, 0.11711374899657254, -0.17052841717228692, 2.9011171075527455, -2.18165816544592, -1.1086725386622842]], "frequencies": ["1212.2263799530494j", "(96.09473289512263+0j)", "(133.2605583971936+0j)", "(351.85388524366414+0j)", "(376.4959878350692+0j)", "(652.7962663612306+0j)", "(703.2472424316468+0j)", "(815.1342262291139+0j)", "(3657.0251689782176+0j)"]}