{"hessian": [[36.888378858566284, 1.851003466962771e-06, 1.579847313219621e-13, -36.88931167125702, 1.8626452993164497e-06, 5.355103224191688e-07], [1.851003466962771e-06, 0.005669391975970939, 2.172290108616538e-13, -1.851003654569642e-06, -0.005669431629939936, -1.6193434801682437e-13], [1.579847313219621e-13, 2.172290108616538e-13, 0.005669685924658552, 9.281602806346595e-14, -1.1058931774872498e-13, -0.005669556412613019], [-36.88931167125702, -1.851003654569642e-06, 9.281602806346595e-14, 36.890244483947754, -1.8626451117095786e-06, -5.355105732199282e-07], [1.8626452993164497e-06, -0.005669431629939936, -1.1058931774872498e-13, -1.8626451117095786e-06, 0.005669471283908933, 5.529465490389555e-14], [5.355103224191688e-07, -1.6193434801682437e-13, -0.005669556412613019, -5.355105732199282e-07, 5.529465490389555e-14, 0.005669426900567487]], "frequencies": ["0.05640691852167014j", "0.0006317140062028938j", "0.0001909682763280842j", "(55.30756921114648+0j)", "(55.308177863448016+0j)", "(4461.337575419591+0j)"]}