Python path: /home/lekia.p/miniforge3/envs/pynta_env/bin/python
Conda environment: pynta_fairchem
ASE version: 3.22.1
2025-07-12 13:54:22,291 INFO Hostname/IP lookup (this will take a few seconds)
2025-07-12 13:54:22,291 INFO Launching Rocket
✅ Patched scipy.linalg.lapack.dsyevr
2025-07-12 13:54:26,308 INFO RUNNING fw_id: 11 in directory: /projects/westgroup/lekia.p/pynta/Fe/block_2025-07-12-17-50-43-929229/launcher_2025-07-12-17-53-24-121880
2025-07-12 13:54:26,341 INFO Task started: {{pynta.tasks.MolecularAdsorbateEstimate}}.
initial geometries
4
------------------------------------------------------------
  cycle        total energy    energy error   density error
------------------------------------------------------------
      1     -79.53352109724  -7.9605949E+01   1.2486174E+00
      2      767.1104161350   8.4664394E+02   2.9516688E+00
      3      857.1495601776   9.0039144E+01   2.9598335E+00
      4      413.1241991424  -4.4402536E+02   2.8948822E+00
      5      412.4190329321  -7.0516621E-01   2.5693660E+00
      6      516.3965699357   1.0397754E+02   2.5095098E+00
      7      193.2255047769  -3.2317107E+02   2.3434766E+00
      8      261.2224029845   6.7996898E+01   2.4964370E+00
      9      202.0918265439  -5.9130576E+01   2.3771712E+00
     10      170.9128229818  -3.1179004E+01   2.4066636E+00
     11      181.3150163612   1.0402193E+01   2.3073178E+00
     12      248.1021112637   6.6787095E+01   2.4400234E+00
     13      300.7925958621   5.2690485E+01   2.4290689E+00
     14      317.5929062508   1.6800310E+01   2.4460865E+00
     15      328.2146548361   1.0621749E+01   2.3116210E+00
     16      410.8790344637   8.2664380E+01   2.3971143E+00
     17      282.9715267587  -1.2790751E+02   2.2375121E+00
     18      283.1279958378   1.5646908E-01   2.2302549E+00
     19      273.8955066489  -9.2324892E+00   2.2570066E+00
     20      229.6069801267  -4.4288527E+01   2.1886471E+00
     21      230.6388033229   1.0318232E+00   2.2160149E+00
     22      248.0543420664   1.7415539E+01   2.2505010E+00
     23      269.5290080393   2.1474666E+01   2.2469496E+00
     24      292.6173059262   2.3088298E+01   2.3088139E+00
     25      293.2800621339   6.6275621E-01   2.2981220E+00
     26      305.4710963847   1.2191034E+01   2.3387420E+00
     27      305.7410469871   2.6995060E-01   2.3399786E+00
     28      304.3198743030  -1.4211727E+00   2.3339116E+00
     29      300.7437289386  -3.5761454E+00   2.3265325E+00
     30      295.4016871081  -5.3420418E+00   2.3041878E+00
     31      295.6274901242   2.2580302E-01   2.2959094E+00
     32      312.2423213848   1.6614831E+01   2.3780642E+00
     33      308.5662734701  -3.6760479E+00   2.3625379E+00
     34      299.0805259818  -9.4857475E+00   2.3243357E+00
     35      300.0169225767   9.3639659E-01   2.3285046E+00
     36      299.6157058320  -4.0121674E-01   2.3245490E+00
     37      304.2136865404   4.5979807E+00   2.3282945E+00
     38      311.0143757664   6.8006892E+00   2.3388527E+00
     39      334.5035145005   2.3489139E+01   2.2622908E+00
     40      326.1750294572  -8.3284850E+00   2.2497979E+00
     41      327.9749554524   1.7999260E+00   2.3769925E+00
     42      322.0585603238  -5.9163951E+00   2.3322399E+00
     43      327.9215491602   5.8629888E+00   2.3572493E+00
     44      329.0529069126   1.1313578E+00   2.3587934E+00
     45      308.1349533840  -2.0917954E+01   2.2539450E+00
     46      218.1263848019  -9.0008569E+01   2.1865268E+00
     47      234.7371198772   1.6610735E+01   2.1624190E+00
     48      243.6139567385   8.8768369E+00   2.1555221E+00
     49      243.1551116949  -4.5884504E-01   2.1553088E+00
     50      210.7743949663  -3.2380717E+01   2.1785889E+00
     51      217.1814241997   6.4070292E+00   2.1769418E+00
     52      242.8974382867   2.5716014E+01   2.2229040E+00
     53      203.3002227975  -3.9597215E+01   2.0696418E+00
     54      163.4292195466  -3.9871003E+01   1.9396160E+00
     55     -1.806646444978  -1.6523587E+02   1.4830029E+00
     56      77.80630823587   7.9612955E+01   1.7142935E+00
     57      6.252424929803  -7.1553883E+01   1.5517658E+00
     58      20.37041121175   1.4117986E+01   1.5877189E+00
     59      15.35173648478  -5.0186747E+00   1.5766835E+00
     60      29.54377249292   1.4192036E+01   1.5761941E+00
     61      22.79652864891  -6.7472438E+00   1.5095467E+00
     62      27.93626793446   5.1397393E+00   1.5454116E+00
     63      19.81768449596  -8.1185834E+00   1.5420154E+00
     64      14.84109061444  -4.9765939E+00   1.5222500E+00
     65      3.188472894599  -1.1652618E+01   1.4934938E+00
     66     0.3176966638580E-01  -3.1567032E+00   1.4620366E+00
     67      25.35013797334   2.5318368E+01   1.5988049E+00
     68     -17.83521197180  -4.3185350E+01   1.4112643E+00
     69     -17.38193485278   4.5327712E-01   1.3782030E+00
     70     -14.07209491757   3.3098399E+00   1.4038887E+00
     71      2.528341080486   1.6600436E+01   1.4717579E+00
     72     -4.478916209266  -7.0072573E+00   1.4606072E+00
     73     -32.31150800953  -2.7832592E+01   1.2717564E+00
     74      44.51841015915   7.6829918E+01   1.5714074E+00
     75     -28.70110821440  -7.3219518E+01   1.2682452E+00
     76      75.49965413118   1.0420076E+02   1.5532089E+00
     77     -14.65800993760  -9.0157664E+01   1.4188819E+00
     78      19.82081006611   3.4478820E+01   1.5569384E+00
     79      19.58299355747  -2.3781651E-01   1.5643849E+00
     80      30.23196730623   1.0648974E+01   1.5694263E+00
     81      49.09583993002   1.8863873E+01   1.6458314E+00
     82      38.28613663717  -1.0809703E+01   1.6686633E+00
     83      38.31716972432   3.1033087E-02   1.6660455E+00
     84      36.85995126038  -1.4572185E+00   1.6651744E+00
     85      28.50724371572  -8.3527075E+00   1.6332831E+00
     86      19.23471127964  -9.2725324E+00   1.5128834E+00
     87      47.02424613282   2.7789535E+01   1.4098605E+00
     88     -34.44314485595  -8.1467391E+01   1.1846725E+00
     89     -38.09142588402  -3.6482810E+00   1.1704146E+00
     90     -47.26632298916  -9.1748971E+00   1.0388731E+00
     91     -27.76749288481   1.9498830E+01   1.1742415E+00
     92     -19.99672345798   7.7707694E+00   1.1964667E+00
     93     -34.36548279469  -1.4368759E+01   1.0505217E+00
     94     -42.37804220887  -8.0125594E+00   9.3586748E-01
     95     -16.56092076901   2.5817121E+01   1.1054921E+00
     96     -61.67611698324  -4.5115196E+01   6.8244407E-01
     97     -78.13769802234  -1.6461581E+01   4.7307588E-01
     98     -72.39075715754   5.7469409E+00   5.4110206E-01
     99     -81.33394599899  -8.9431888E+00   3.7448392E-01
    100     -76.53508751367   4.7988585E+00   4.6023369E-01
    101     -71.29441816738   5.2406693E+00   5.0876123E-01
    102     -74.51194388110  -3.2175257E+00   5.0419249E-01
    103     -35.04873431175   3.9463210E+01   9.2308805E-01
    104     -45.86452181058  -1.0815787E+01   8.4153029E-01
    105     -60.85614879763  -1.4991627E+01   6.6722158E-01
    106     -79.13610745365  -1.8279959E+01   3.6610446E-01
    107     -81.00389673848  -1.8677893E+00   3.6238862E-01
    108     -80.29536382653   7.0853291E-01   3.8771011E-01
    109     -79.20785810617   1.0875057E+00   3.6242640E-01
    110     -79.67153488728  -4.6367678E-01   3.1397485E-01
    111     -83.03848298477  -3.3669481E+00   2.7262660E-01
    112     -74.57057326818   8.4679097E+00   4.1304782E-01
    113     -74.47606169077   9.4511577E-02   4.4665642E-01
    114     -69.92585276417   4.5502089E+00   4.8660645E-01
    115     -75.90165488815  -5.9758021E+00   4.0659216E-01
    116     -77.79076990253  -1.8891150E+00   3.4724012E-01
    117     -70.16415398376   7.6266159E+00   4.8968509E-01
    118     -80.54024216069  -1.0376088E+01   2.9867198E-01
    119     -76.17413644313   4.3661057E+00   3.7630716E-01
    120     -82.15968353526  -5.9855471E+00   2.5554513E-01
    121     -84.84541254653  -2.6857290E+00   1.3957240E-01
    122     -84.38757307782   4.5783947E-01   1.6157999E-01
    123     -85.81993306021  -1.4323600E+00   7.3458852E-02
    124     -85.56028420169   2.5964886E-01   8.7353945E-02
    125     -85.96419636177  -4.0391216E-01   4.0160655E-02
    126     -85.83066619390   1.3353017E-01   5.5303504E-02
    127     -85.96622684706  -1.3556065E-01   3.6031206E-02
    128     -86.00667851435  -4.0451667E-02   1.9581835E-02
    129     -85.92381286551   8.2865649E-02   3.7886140E-02
    130     -86.00810677887  -8.4293913E-02   1.4860250E-02
    131     -86.01177134453  -3.6645657E-03   1.1408205E-02
    132     -86.01656977137  -4.7984268E-03   7.7150094E-03
    133     -86.01899952313  -2.4297518E-03   3.9168623E-03
    134     -86.01920600115  -2.0647802E-04   3.3346118E-03
    135     -86.01942244107  -2.1643992E-04   2.2949339E-03
    136     -86.01955117100  -1.2872993E-04   1.1561472E-03
    137     -86.01953182332   1.9347686E-05   1.0907202E-03
    138     -86.01960286800  -7.1044686E-05   2.9970068E-04
    139     -86.01959866177   4.2062280E-06   3.5738164E-04
    140     -86.01960551578  -6.8540016E-06   1.5072092E-04
    141     -86.01960573551  -2.1973806E-07   1.4034574E-04
    142     -86.01960630398  -5.6847058E-07   8.3831547E-05
    143     -86.01960591335   3.9063610E-07   9.7961542E-05
    144     -86.01960645892  -5.4557263E-07   4.7071267E-05
    145     -86.01960640786   5.1061974E-08   5.0529305E-05
    146     -86.01960652448  -1.1662114E-07   1.7520736E-05
------------------------------------------------------------

 total:                                   4.206 sec
3
{'bond-orders': array([[0.        , 0.34879365, 0.34887967, 0.71588549, 0.16326326,
        0.71549858, 0.71691779, 0.71673205, 0.16425131, 0.20029617,
        0.06847922, 0.06371928, 0.06838683, 0.20000053, 0.06271523,
        0.47663995, 0.47802423, 0.03902904, 0.09254813, 0.08878006,
        0.0874159 , 0.03807304, 0.02595303, 0.03987984, 0.03944701,
        0.04146108, 0.02641242, 0.00278553],
       [0.34879365, 0.        , 0.35831739, 0.71510013, 0.7062471 ,
        0.16433722, 0.16303551, 0.71824102, 0.71790981, 0.06876712,
        0.19489713, 0.06648806, 0.06492179, 0.06364427, 0.20389944,
        0.03964822, 0.47468506, 0.47597621, 0.09725514, 0.09159463,
        0.09200679, 0.03794188, 0.04397738, 0.02773671, 0.02522694,
        0.03533451, 0.03668971, 0.00378108],
       [0.34887967, 0.35831739, 0.        , 0.16314658, 0.71833956,
        0.71899823, 0.71438316, 0.16426193, 0.7074481 , 0.06387971,
        0.06469886, 0.20435601, 0.19395433, 0.06894496, 0.06706639,
        0.47430819, 0.03939257, 0.47660794, 0.09628636, 0.09212318,
        0.09330251, 0.02510047, 0.0372991 , 0.0351838 , 0.03869852,
        0.02760096, 0.04539561, 0.00376001],
       [0.71588549, 0.71510013, 0.16314658, 0.        , 0.35831796,
        0.35461202, 0.7142916 , 0.16036272, 0.71101508, 0.46751858,
        0.48133616, 0.04057491, 0.19757306, 0.06885646, 0.068402  ,
        0.06706859, 0.20084256, 0.06169865, 0.03986909, 0.04031182,
        0.02401147, 0.08866203, 0.0927215 , 0.07788629, 0.04130352,
        0.02680943, 0.03095477, 0.01016162],
       [0.16326326, 0.7062471 , 0.71833956, 0.35831796, 0.        ,
        0.35169551, 0.70974028, 0.71983317, 0.16435623, 0.03520239,
        0.47606529, 0.50596556, 0.06467575, 0.19649537, 0.06256606,
        0.06275455, 0.06025563, 0.20018052, 0.02643185, 0.04335653,
        0.04823562, 0.09394033, 0.06889781, 0.09647518, 0.03733726,
        0.03424596, 0.02151544, 0.00658061],
       [0.71549858, 0.16433722, 0.71899823, 0.35461202, 0.35169551,
        0.        , 0.16008301, 0.72089677, 0.72096167, 0.49032055,
        0.03930105, 0.47518466, 0.06258752, 0.06362406, 0.19973867,
        0.19582574, 0.06492133, 0.06567217, 0.04352508, 0.02365927,
        0.03729994, 0.0963149 , 0.09422541, 0.06408555, 0.02495053,
        0.03271381, 0.04139988, 0.00472342],
       [0.71691779, 0.16303551, 0.71438316, 0.7142916 , 0.70974028,
        0.16008301, 0.        , 0.35500531, 0.35758683, 0.07044062,
        0.19729189, 0.06829625, 0.48467188, 0.46978691, 0.04009957,
        0.19942851, 0.06595302, 0.06187605, 0.04039048, 0.02411054,
        0.04057257, 0.0419742 , 0.03150638, 0.02577231, 0.08577393,
        0.07965551, 0.09301148, 0.00971942],
       [0.71673205, 0.71824102, 0.16426193, 0.16036272, 0.71983317,
        0.72089677, 0.35500531, 0.        , 0.35291459, 0.06374146,
        0.06245803, 0.20087451, 0.03932214, 0.48906229, 0.47453849,
        0.06596768, 0.19681599, 0.06583137, 0.04411834, 0.03776771,
        0.02372674, 0.02617817, 0.04202684, 0.03332699, 0.09409455,
        0.06528569, 0.0919198 , 0.00447507],
       [0.16425131, 0.71790981, 0.7074481 , 0.71101508, 0.16435623,
        0.72096167, 0.35758683, 0.35291459, 0.        , 0.19622137,
        0.06604379, 0.06311186, 0.47591371, 0.03494451, 0.50014671,
        0.05965999, 0.06285505, 0.20088381, 0.02642812, 0.04754106,
        0.04331851, 0.03784731, 0.02112976, 0.03275301, 0.09317357,
        0.09547031, 0.06986257, 0.00704978],
       [0.20029617, 0.06876712, 0.06387971, 0.46751858, 0.03520239,
        0.49032055, 0.07044062, 0.06374146, 0.19622137, 0.        ,
        0.21901725, 0.22665186, 0.30950274, 0.06261942, 0.30427644,
        0.32132187, 0.30091049, 0.06386234, 0.25398919, 0.10628933,
        0.08128973, 0.62727622, 0.07119022, 0.61316923, 0.09660296,
        0.07909433, 0.23304295, 0.03337878],
       [0.06847922, 0.19489713, 0.06469886, 0.48133616, 0.47606529,
        0.03930105, 0.19729189, 0.06245803, 0.06604379, 0.21901725,
        0.        , 0.21614873, 0.29772727, 0.30620137, 0.07221664,
        0.06739028, 0.29424541, 0.29900855, 0.08775853, 0.23361159,
        0.08720879, 0.62455179, 0.66208074, 0.05873583, 0.24233779,
        0.07861615, 0.09946844, 0.02119628],
       [0.06371928, 0.06648806, 0.20435601, 0.04057491, 0.50596556,
        0.47518466, 0.06829625, 0.20087451, 0.06311186, 0.22665186,
        0.21614873, 0.        , 0.07123018, 0.3044497 , 0.29444016,
        0.308403  , 0.06359361, 0.30517465, 0.07929729, 0.0936431 ,
        0.22897889, 0.06425328, 0.61231972, 0.61764695, 0.11048534,
        0.21776112, 0.09032462, 0.02641441],
       [0.06838683, 0.06492179, 0.19395433, 0.19757306, 0.06467575,
        0.06258752, 0.48467188, 0.03932214, 0.47591371, 0.30950274,
        0.29772727, 0.07123018, 0.        , 0.21525913, 0.21349493,
        0.29375204, 0.06759587, 0.29819008, 0.08641093, 0.08673804,
        0.23151492, 0.24416616, 0.09839538, 0.080121  , 0.62555733,
        0.05583115, 0.66157687, 0.01854147],
       [0.20000053, 0.06364427, 0.06894496, 0.06885646, 0.19649537,
        0.06362406, 0.46978691, 0.48906229, 0.03494451, 0.06261942,
        0.30620137, 0.3044497 , 0.21525913, 0.        , 0.2260841 ,
        0.29858359, 0.32022077, 0.0650236 , 0.25404671, 0.0826722 ,
        0.10524288, 0.09804873, 0.23639166, 0.07773264, 0.62460287,
        0.62065063, 0.06882524, 0.03229724],
       [0.06271523, 0.20389944, 0.06706639, 0.068402  , 0.06256606,
        0.19973867, 0.04009957, 0.47453849, 0.50014671, 0.30427644,
        0.07221664, 0.29444016, 0.21349493, 0.2260841 , 0.        ,
        0.06261245, 0.30761932, 0.30255233, 0.07981614, 0.23244797,
        0.09413348, 0.11130328, 0.08799486, 0.22106487, 0.06264821,
        0.62826627, 0.61775787, 0.02377118],
       [0.47663995, 0.03964822, 0.47430819, 0.06706859, 0.06275455,
        0.19582574, 0.19942851, 0.06596768, 0.05965999, 0.32132187,
        0.06739028, 0.308403  , 0.29375204, 0.29858359, 0.06261245,
        0.        , 0.21357222, 0.20838479, 0.62738295, 0.06601578,
        0.62727184, 0.10002686, 0.09376827, 0.24319482, 0.23694842,
        0.08847144, 0.08379418, 0.0140694 ],
       [0.47802423, 0.47468506, 0.03939257, 0.20084256, 0.06025563,
        0.06492133, 0.06595302, 0.19681599, 0.06285505, 0.30091049,
        0.29424541, 0.06359361, 0.06759587, 0.32022077, 0.30761932,
        0.21357222, 0.        , 0.20924194, 0.62751622, 0.62542957,
        0.06675215, 0.23608646, 0.08465252, 0.09103115, 0.0986699 ,
        0.24091472, 0.0914179 , 0.01509546],
       [0.03902904, 0.47597621, 0.47660794, 0.06169865, 0.20018052,
        0.06567217, 0.06187605, 0.06583137, 0.20088381, 0.06386234,
        0.29900855, 0.30517465, 0.29819008, 0.0650236 , 0.30255233,
        0.20838479, 0.20924194, 0.        , 0.0638284 , 0.63006058,
        0.63321368, 0.09377023, 0.24890535, 0.09608712, 0.09414391,
        0.09560501, 0.24631291, 0.01417585],
       [0.09254813, 0.09725514, 0.09628636, 0.03986909, 0.02643185,
        0.04352508, 0.04039048, 0.04411834, 0.02642812, 0.25398919,
        0.08775853, 0.07929729, 0.08641093, 0.25404671, 0.07981614,
        0.62738295, 0.62751622, 0.0638284 , 0.        , 0.33547804,
        0.33528579, 0.6406719 , 0.11900994, 0.56149717, 0.6381933 ,
        0.56453891, 0.12183491, 0.04042096],
       [0.08878006, 0.09159463, 0.09212318, 0.04031182, 0.04335653,
        0.02365927, 0.02411054, 0.03776771, 0.04754106, 0.10628933,
        0.23361159, 0.0936431 , 0.08673804, 0.0826722 , 0.23244797,
        0.06601578, 0.62542957, 0.63006058, 0.33547804, 0.        ,
        0.32341185, 0.66216589, 0.59086624, 0.0792471 , 0.13939694,
        0.54296921, 0.60210392, 0.05116542],
       [0.0874159 , 0.09200679, 0.09330251, 0.02401147, 0.04823562,
        0.03729994, 0.04057257, 0.02372674, 0.04331851, 0.08128973,
        0.08720879, 0.22897889, 0.23151492, 0.10524288, 0.09413348,
        0.62727184, 0.06675215, 0.63321368, 0.33528579, 0.32341185,
        0.        , 0.13913463, 0.59343359, 0.52148279, 0.65816158,
        0.07809876, 0.59059078, 0.0636478 ],
       [0.03807304, 0.03794188, 0.02510047, 0.08866203, 0.09394033,
        0.0963149 , 0.0419742 , 0.02617817, 0.03784731, 0.62727622,
        0.62455179, 0.06425328, 0.24416616, 0.09804873, 0.11130328,
        0.10002686, 0.23608646, 0.09377023, 0.6406719 , 0.66216589,
        0.13913463, 0.        , 0.30568562, 0.27754686, 0.64717637,
        0.12031138, 0.6138191 , 0.02403625],
       [0.02595303, 0.04397738, 0.0372991 , 0.0927215 , 0.06889781,
        0.09422541, 0.03150638, 0.04202684, 0.02112976, 0.07119022,
        0.66208074, 0.61231972, 0.09839538, 0.23639166, 0.08799486,
        0.09376827, 0.08465252, 0.24890535, 0.11900994, 0.59086624,
        0.59343359, 0.30568562, 0.        , 0.27897238, 0.60908574,
        0.42150218, 0.13776064, 0.23407771],
       [0.03987984, 0.02773671, 0.0351838 , 0.07788629, 0.09647518,
        0.06408555, 0.02577231, 0.03332699, 0.03275301, 0.61316923,
        0.05873583, 0.61764695, 0.080121  , 0.07773264, 0.22106487,
        0.24319482, 0.09103115, 0.09608712, 0.56149717, 0.0792471 ,
        0.52148279, 0.27754686, 0.27897238, 0.        , 0.11819637,
        0.34205063, 0.4441566 , 0.81896009],
       [0.03944701, 0.02522694, 0.03869852, 0.04130352, 0.03733726,
        0.02495053, 0.08577393, 0.09409455, 0.09317357, 0.09660296,
        0.24233779, 0.11048534, 0.62555733, 0.62460287, 0.06264821,
        0.23694842, 0.0986699 , 0.09414391, 0.6381933 , 0.13939694,
        0.65816158, 0.64717637, 0.60908574, 0.11819637, 0.        ,
        0.27804233, 0.31440695, 0.02697464],
       [0.04146108, 0.03533451, 0.02760096, 0.02680943, 0.03424596,
        0.03271381, 0.07965551, 0.06528569, 0.09547031, 0.07909433,
        0.07861615, 0.21776112, 0.05583115, 0.62065063, 0.62826627,
        0.08847144, 0.24091472, 0.09560501, 0.56453891, 0.54296921,
        0.07809876, 0.12031138, 0.42150218, 0.34205063, 0.27804233,
        0.        , 0.27875613, 0.8050706 ],
       [0.02641242, 0.03668971, 0.04539561, 0.03095477, 0.02151544,
        0.04139988, 0.09301148, 0.0919198 , 0.06986257, 0.23304295,
        0.09946844, 0.09032462, 0.66157687, 0.06882524, 0.61775787,
        0.08379418, 0.0914179 , 0.24631291, 0.12183491, 0.60210392,
        0.59059078, 0.6138191 , 0.13776064, 0.4441566 , 0.31440695,
        0.27875613, 0.        , 0.18971472],
       [0.00278553, 0.00378108, 0.00376001, 0.01016162, 0.00658061,
        0.00472342, 0.00971942, 0.00447507, 0.00704978, 0.03337878,
        0.02119628, 0.02641441, 0.01854147, 0.03229724, 0.02377118,
        0.0140694 , 0.01509546, 0.01417585, 0.04042096, 0.05116542,
        0.0636478 , 0.02403625, 0.23407771, 0.81896009, 0.02697464,
        0.8050706 , 0.18971472, 0.        ]])}
{'bond-orders': array([[0.        , 0.34879365, 0.34887967, 0.71588549, 0.16326326,
        0.71549858, 0.71691779, 0.71673205, 0.16425131, 0.20029617,
        0.06847922, 0.06371928, 0.06838683, 0.20000053, 0.06271523,
        0.47663995, 0.47802423, 0.03902904, 0.09254813, 0.08878006,
        0.0874159 , 0.03807304, 0.02595303, 0.03987984, 0.03944701,
        0.04146108, 0.02641242, 0.00278553],
       [0.34879365, 0.        , 0.35831739, 0.71510013, 0.7062471 ,
        0.16433722, 0.16303551, 0.71824102, 0.71790981, 0.06876712,
        0.19489713, 0.06648806, 0.06492179, 0.06364427, 0.20389944,
        0.03964822, 0.47468506, 0.47597621, 0.09725514, 0.09159463,
        0.09200679, 0.03794188, 0.04397738, 0.02773671, 0.02522694,
        0.03533451, 0.03668971, 0.00378108],
       [0.34887967, 0.35831739, 0.        , 0.16314658, 0.71833956,
        0.71899823, 0.71438316, 0.16426193, 0.7074481 , 0.06387971,
        0.06469886, 0.20435601, 0.19395433, 0.06894496, 0.06706639,
        0.47430819, 0.03939257, 0.47660794, 0.09628636, 0.09212318,
        0.09330251, 0.02510047, 0.0372991 , 0.0351838 , 0.03869852,
        0.02760096, 0.04539561, 0.00376001],
       [0.71588549, 0.71510013, 0.16314658, 0.        , 0.35831796,
        0.35461202, 0.7142916 , 0.16036272, 0.71101508, 0.46751858,
        0.48133616, 0.04057491, 0.19757306, 0.06885646, 0.068402  ,
        0.06706859, 0.20084256, 0.06169865, 0.03986909, 0.04031182,
        0.02401147, 0.08866203, 0.0927215 , 0.07788629, 0.04130352,
        0.02680943, 0.03095477, 0.01016162],
       [0.16326326, 0.7062471 , 0.71833956, 0.35831796, 0.        ,
        0.35169551, 0.70974028, 0.71983317, 0.16435623, 0.03520239,
        0.47606529, 0.50596556, 0.06467575, 0.19649537, 0.06256606,
        0.06275455, 0.06025563, 0.20018052, 0.02643185, 0.04335653,
        0.04823562, 0.09394033, 0.06889781, 0.09647518, 0.03733726,
        0.03424596, 0.02151544, 0.00658061],
       [0.71549858, 0.16433722, 0.71899823, 0.35461202, 0.35169551,
        0.        , 0.16008301, 0.72089677, 0.72096167, 0.49032055,
        0.03930105, 0.47518466, 0.06258752, 0.06362406, 0.19973867,
        0.19582574, 0.06492133, 0.06567217, 0.04352508, 0.02365927,
        0.03729994, 0.0963149 , 0.09422541, 0.06408555, 0.02495053,
        0.03271381, 0.04139988, 0.00472342],
       [0.71691779, 0.16303551, 0.71438316, 0.7142916 , 0.70974028,
        0.16008301, 0.        , 0.35500531, 0.35758683, 0.07044062,
        0.19729189, 0.06829625, 0.48467188, 0.46978691, 0.04009957,
        0.19942851, 0.06595302, 0.06187605, 0.04039048, 0.02411054,
        0.04057257, 0.0419742 , 0.03150638, 0.02577231, 0.08577393,
        0.07965551, 0.09301148, 0.00971942],
       [0.71673205, 0.71824102, 0.16426193, 0.16036272, 0.71983317,
        0.72089677, 0.35500531, 0.        , 0.35291459, 0.06374146,
        0.06245803, 0.20087451, 0.03932214, 0.48906229, 0.47453849,
        0.06596768, 0.19681599, 0.06583137, 0.04411834, 0.03776771,
        0.02372674, 0.02617817, 0.04202684, 0.03332699, 0.09409455,
        0.06528569, 0.0919198 , 0.00447507],
       [0.16425131, 0.71790981, 0.7074481 , 0.71101508, 0.16435623,
        0.72096167, 0.35758683, 0.35291459, 0.        , 0.19622137,
        0.06604379, 0.06311186, 0.47591371, 0.03494451, 0.50014671,
        0.05965999, 0.06285505, 0.20088381, 0.02642812, 0.04754106,
        0.04331851, 0.03784731, 0.02112976, 0.03275301, 0.09317357,
        0.09547031, 0.06986257, 0.00704978],
       [0.20029617, 0.06876712, 0.06387971, 0.46751858, 0.03520239,
        0.49032055, 0.07044062, 0.06374146, 0.19622137, 0.        ,
        0.21901725, 0.22665186, 0.30950274, 0.06261942, 0.30427644,
        0.32132187, 0.30091049, 0.06386234, 0.25398919, 0.10628933,
        0.08128973, 0.62727622, 0.07119022, 0.61316923, 0.09660296,
        0.07909433, 0.23304295, 0.03337878],
       [0.06847922, 0.19489713, 0.06469886, 0.48133616, 0.47606529,
        0.03930105, 0.19729189, 0.06245803, 0.06604379, 0.21901725,
        0.        , 0.21614873, 0.29772727, 0.30620137, 0.07221664,
        0.06739028, 0.29424541, 0.29900855, 0.08775853, 0.23361159,
        0.08720879, 0.62455179, 0.66208074, 0.05873583, 0.24233779,
        0.07861615, 0.09946844, 0.02119628],
       [0.06371928, 0.06648806, 0.20435601, 0.04057491, 0.50596556,
        0.47518466, 0.06829625, 0.20087451, 0.06311186, 0.22665186,
        0.21614873, 0.        , 0.07123018, 0.3044497 , 0.29444016,
        0.308403  , 0.06359361, 0.30517465, 0.07929729, 0.0936431 ,
        0.22897889, 0.06425328, 0.61231972, 0.61764695, 0.11048534,
        0.21776112, 0.09032462, 0.02641441],
       [0.06838683, 0.06492179, 0.19395433, 0.19757306, 0.06467575,
        0.06258752, 0.48467188, 0.03932214, 0.47591371, 0.30950274,
        0.29772727, 0.07123018, 0.        , 0.21525913, 0.21349493,
        0.29375204, 0.06759587, 0.29819008, 0.08641093, 0.08673804,
        0.23151492, 0.24416616, 0.09839538, 0.080121  , 0.62555733,
        0.05583115, 0.66157687, 0.01854147],
       [0.20000053, 0.06364427, 0.06894496, 0.06885646, 0.19649537,
        0.06362406, 0.46978691, 0.48906229, 0.03494451, 0.06261942,
        0.30620137, 0.3044497 , 0.21525913, 0.        , 0.2260841 ,
        0.29858359, 0.32022077, 0.0650236 , 0.25404671, 0.0826722 ,
        0.10524288, 0.09804873, 0.23639166, 0.07773264, 0.62460287,
        0.62065063, 0.06882524, 0.03229724],
       [0.06271523, 0.20389944, 0.06706639, 0.068402  , 0.06256606,
        0.19973867, 0.04009957, 0.47453849, 0.50014671, 0.30427644,
        0.07221664, 0.29444016, 0.21349493, 0.2260841 , 0.        ,
        0.06261245, 0.30761932, 0.30255233, 0.07981614, 0.23244797,
        0.09413348, 0.11130328, 0.08799486, 0.22106487, 0.06264821,
        0.62826627, 0.61775787, 0.02377118],
       [0.47663995, 0.03964822, 0.47430819, 0.06706859, 0.06275455,
        0.19582574, 0.19942851, 0.06596768, 0.05965999, 0.32132187,
        0.06739028, 0.308403  , 0.29375204, 0.29858359, 0.06261245,
        0.        , 0.21357222, 0.20838479, 0.62738295, 0.06601578,
        0.62727184, 0.10002686, 0.09376827, 0.24319482, 0.23694842,
        0.08847144, 0.08379418, 0.0140694 ],
       [0.47802423, 0.47468506, 0.03939257, 0.20084256, 0.06025563,
        0.06492133, 0.06595302, 0.19681599, 0.06285505, 0.30091049,
        0.29424541, 0.06359361, 0.06759587, 0.32022077, 0.30761932,
        0.21357222, 0.        , 0.20924194, 0.62751622, 0.62542957,
        0.06675215, 0.23608646, 0.08465252, 0.09103115, 0.0986699 ,
        0.24091472, 0.0914179 , 0.01509546],
       [0.03902904, 0.47597621, 0.47660794, 0.06169865, 0.20018052,
        0.06567217, 0.06187605, 0.06583137, 0.20088381, 0.06386234,
        0.29900855, 0.30517465, 0.29819008, 0.0650236 , 0.30255233,
        0.20838479, 0.20924194, 0.        , 0.0638284 , 0.63006058,
        0.63321368, 0.09377023, 0.24890535, 0.09608712, 0.09414391,
        0.09560501, 0.24631291, 0.01417585],
       [0.09254813, 0.09725514, 0.09628636, 0.03986909, 0.02643185,
        0.04352508, 0.04039048, 0.04411834, 0.02642812, 0.25398919,
        0.08775853, 0.07929729, 0.08641093, 0.25404671, 0.07981614,
        0.62738295, 0.62751622, 0.0638284 , 0.        , 0.33547804,
        0.33528579, 0.6406719 , 0.11900994, 0.56149717, 0.6381933 ,
        0.56453891, 0.12183491, 0.04042096],
       [0.08878006, 0.09159463, 0.09212318, 0.04031182, 0.04335653,
        0.02365927, 0.02411054, 0.03776771, 0.04754106, 0.10628933,
        0.23361159, 0.0936431 , 0.08673804, 0.0826722 , 0.23244797,
        0.06601578, 0.62542957, 0.63006058, 0.33547804, 0.        ,
        0.32341185, 0.66216589, 0.59086624, 0.0792471 , 0.13939694,
        0.54296921, 0.60210392, 0.05116542],
       [0.0874159 , 0.09200679, 0.09330251, 0.02401147, 0.04823562,
        0.03729994, 0.04057257, 0.02372674, 0.04331851, 0.08128973,
        0.08720879, 0.22897889, 0.23151492, 0.10524288, 0.09413348,
        0.62727184, 0.06675215, 0.63321368, 0.33528579, 0.32341185,
        0.        , 0.13913463, 0.59343359, 0.52148279, 0.65816158,
        0.07809876, 0.59059078, 0.0636478 ],
       [0.03807304, 0.03794188, 0.02510047, 0.08866203, 0.09394033,
        0.0963149 , 0.0419742 , 0.02617817, 0.03784731, 0.62727622,
        0.62455179, 0.06425328, 0.24416616, 0.09804873, 0.11130328,
        0.10002686, 0.23608646, 0.09377023, 0.6406719 , 0.66216589,
        0.13913463, 0.        , 0.30568562, 0.27754686, 0.64717637,
        0.12031138, 0.6138191 , 0.02403625],
       [0.02595303, 0.04397738, 0.0372991 , 0.0927215 , 0.06889781,
        0.09422541, 0.03150638, 0.04202684, 0.02112976, 0.07119022,
        0.66208074, 0.61231972, 0.09839538, 0.23639166, 0.08799486,
        0.09376827, 0.08465252, 0.24890535, 0.11900994, 0.59086624,
        0.59343359, 0.30568562, 0.        , 0.27897238, 0.60908574,
        0.42150218, 0.13776064, 0.23407771],
       [0.03987984, 0.02773671, 0.0351838 , 0.07788629, 0.09647518,
        0.06408555, 0.02577231, 0.03332699, 0.03275301, 0.61316923,
        0.05873583, 0.61764695, 0.080121  , 0.07773264, 0.22106487,
        0.24319482, 0.09103115, 0.09608712, 0.56149717, 0.0792471 ,
        0.52148279, 0.27754686, 0.27897238, 0.        , 0.11819637,
        0.34205063, 0.4441566 , 0.81896009],
       [0.03944701, 0.02522694, 0.03869852, 0.04130352, 0.03733726,
        0.02495053, 0.08577393, 0.09409455, 0.09317357, 0.09660296,
        0.24233779, 0.11048534, 0.62555733, 0.62460287, 0.06264821,
        0.23694842, 0.0986699 , 0.09414391, 0.6381933 , 0.13939694,
        0.65816158, 0.64717637, 0.60908574, 0.11819637, 0.        ,
        0.27804233, 0.31440695, 0.02697464],
       [0.04146108, 0.03533451, 0.02760096, 0.02680943, 0.03424596,
        0.03271381, 0.07965551, 0.06528569, 0.09547031, 0.07909433,
        0.07861615, 0.21776112, 0.05583115, 0.62065063, 0.62826627,
        0.08847144, 0.24091472, 0.09560501, 0.56453891, 0.54296921,
        0.07809876, 0.12031138, 0.42150218, 0.34205063, 0.27804233,
        0.        , 0.27875613, 0.8050706 ],
       [0.02641242, 0.03668971, 0.04539561, 0.03095477, 0.02151544,
        0.04139988, 0.09301148, 0.0919198 , 0.06986257, 0.23304295,
        0.09946844, 0.09032462, 0.66157687, 0.06882524, 0.61775787,
        0.08379418, 0.0914179 , 0.24631291, 0.12183491, 0.60210392,
        0.59059078, 0.6138191 , 0.13776064, 0.4441566 , 0.31440695,
        0.27875613, 0.        , 0.18971472],
       [0.00278553, 0.00378108, 0.00376001, 0.01016162, 0.00658061,
        0.00472342, 0.00971942, 0.00447507, 0.00704978, 0.03337878,
        0.02119628, 0.02641441, 0.01854147, 0.03229724, 0.02377118,
        0.0140694 , 0.01509546, 0.01417585, 0.04042096, 0.05116542,
        0.0636478 , 0.02403625, 0.23407771, 0.81896009, 0.02697464,
        0.8050706 , 0.18971472, 0.        ]]), 'molecular-dipole': array([-0.0547375 , -0.28370532, -0.2775153 ])}
{'bond-orders': array([[0.        , 0.34879365, 0.34887967, 0.71588549, 0.16326326,
        0.71549858, 0.71691779, 0.71673205, 0.16425131, 0.20029617,
        0.06847922, 0.06371928, 0.06838683, 0.20000053, 0.06271523,
        0.47663995, 0.47802423, 0.03902904, 0.09254813, 0.08878006,
        0.0874159 , 0.03807304, 0.02595303, 0.03987984, 0.03944701,
        0.04146108, 0.02641242, 0.00278553],
       [0.34879365, 0.        , 0.35831739, 0.71510013, 0.7062471 ,
        0.16433722, 0.16303551, 0.71824102, 0.71790981, 0.06876712,
        0.19489713, 0.06648806, 0.06492179, 0.06364427, 0.20389944,
        0.03964822, 0.47468506, 0.47597621, 0.09725514, 0.09159463,
        0.09200679, 0.03794188, 0.04397738, 0.02773671, 0.02522694,
        0.03533451, 0.03668971, 0.00378108],
       [0.34887967, 0.35831739, 0.        , 0.16314658, 0.71833956,
        0.71899823, 0.71438316, 0.16426193, 0.7074481 , 0.06387971,
        0.06469886, 0.20435601, 0.19395433, 0.06894496, 0.06706639,
        0.47430819, 0.03939257, 0.47660794, 0.09628636, 0.09212318,
        0.09330251, 0.02510047, 0.0372991 , 0.0351838 , 0.03869852,
        0.02760096, 0.04539561, 0.00376001],
       [0.71588549, 0.71510013, 0.16314658, 0.        , 0.35831796,
        0.35461202, 0.7142916 , 0.16036272, 0.71101508, 0.46751858,
        0.48133616, 0.04057491, 0.19757306, 0.06885646, 0.068402  ,
        0.06706859, 0.20084256, 0.06169865, 0.03986909, 0.04031182,
        0.02401147, 0.08866203, 0.0927215 , 0.07788629, 0.04130352,
        0.02680943, 0.03095477, 0.01016162],
       [0.16326326, 0.7062471 , 0.71833956, 0.35831796, 0.        ,
        0.35169551, 0.70974028, 0.71983317, 0.16435623, 0.03520239,
        0.47606529, 0.50596556, 0.06467575, 0.19649537, 0.06256606,
        0.06275455, 0.06025563, 0.20018052, 0.02643185, 0.04335653,
        0.04823562, 0.09394033, 0.06889781, 0.09647518, 0.03733726,
        0.03424596, 0.02151544, 0.00658061],
       [0.71549858, 0.16433722, 0.71899823, 0.35461202, 0.35169551,
        0.        , 0.16008301, 0.72089677, 0.72096167, 0.49032055,
        0.03930105, 0.47518466, 0.06258752, 0.06362406, 0.19973867,
        0.19582574, 0.06492133, 0.06567217, 0.04352508, 0.02365927,
        0.03729994, 0.0963149 , 0.09422541, 0.06408555, 0.02495053,
        0.03271381, 0.04139988, 0.00472342],
       [0.71691779, 0.16303551, 0.71438316, 0.7142916 , 0.70974028,
        0.16008301, 0.        , 0.35500531, 0.35758683, 0.07044062,
        0.19729189, 0.06829625, 0.48467188, 0.46978691, 0.04009957,
        0.19942851, 0.06595302, 0.06187605, 0.04039048, 0.02411054,
        0.04057257, 0.0419742 , 0.03150638, 0.02577231, 0.08577393,
        0.07965551, 0.09301148, 0.00971942],
       [0.71673205, 0.71824102, 0.16426193, 0.16036272, 0.71983317,
        0.72089677, 0.35500531, 0.        , 0.35291459, 0.06374146,
        0.06245803, 0.20087451, 0.03932214, 0.48906229, 0.47453849,
        0.06596768, 0.19681599, 0.06583137, 0.04411834, 0.03776771,
        0.02372674, 0.02617817, 0.04202684, 0.03332699, 0.09409455,
        0.06528569, 0.0919198 , 0.00447507],
       [0.16425131, 0.71790981, 0.7074481 , 0.71101508, 0.16435623,
        0.72096167, 0.35758683, 0.35291459, 0.        , 0.19622137,
        0.06604379, 0.06311186, 0.47591371, 0.03494451, 0.50014671,
        0.05965999, 0.06285505, 0.20088381, 0.02642812, 0.04754106,
        0.04331851, 0.03784731, 0.02112976, 0.03275301, 0.09317357,
        0.09547031, 0.06986257, 0.00704978],
       [0.20029617, 0.06876712, 0.06387971, 0.46751858, 0.03520239,
        0.49032055, 0.07044062, 0.06374146, 0.19622137, 0.        ,
        0.21901725, 0.22665186, 0.30950274, 0.06261942, 0.30427644,
        0.32132187, 0.30091049, 0.06386234, 0.25398919, 0.10628933,
        0.08128973, 0.62727622, 0.07119022, 0.61316923, 0.09660296,
        0.07909433, 0.23304295, 0.03337878],
       [0.06847922, 0.19489713, 0.06469886, 0.48133616, 0.47606529,
        0.03930105, 0.19729189, 0.06245803, 0.06604379, 0.21901725,
        0.        , 0.21614873, 0.29772727, 0.30620137, 0.07221664,
        0.06739028, 0.29424541, 0.29900855, 0.08775853, 0.23361159,
        0.08720879, 0.62455179, 0.66208074, 0.05873583, 0.24233779,
        0.07861615, 0.09946844, 0.02119628],
       [0.06371928, 0.06648806, 0.20435601, 0.04057491, 0.50596556,
        0.47518466, 0.06829625, 0.20087451, 0.06311186, 0.22665186,
        0.21614873, 0.        , 0.07123018, 0.3044497 , 0.29444016,
        0.308403  , 0.06359361, 0.30517465, 0.07929729, 0.0936431 ,
        0.22897889, 0.06425328, 0.61231972, 0.61764695, 0.11048534,
        0.21776112, 0.09032462, 0.02641441],
       [0.06838683, 0.06492179, 0.19395433, 0.19757306, 0.06467575,
        0.06258752, 0.48467188, 0.03932214, 0.47591371, 0.30950274,
        0.29772727, 0.07123018, 0.        , 0.21525913, 0.21349493,
        0.29375204, 0.06759587, 0.29819008, 0.08641093, 0.08673804,
        0.23151492, 0.24416616, 0.09839538, 0.080121  , 0.62555733,
        0.05583115, 0.66157687, 0.01854147],
       [0.20000053, 0.06364427, 0.06894496, 0.06885646, 0.19649537,
        0.06362406, 0.46978691, 0.48906229, 0.03494451, 0.06261942,
        0.30620137, 0.3044497 , 0.21525913, 0.        , 0.2260841 ,
        0.29858359, 0.32022077, 0.0650236 , 0.25404671, 0.0826722 ,
        0.10524288, 0.09804873, 0.23639166, 0.07773264, 0.62460287,
        0.62065063, 0.06882524, 0.03229724],
       [0.06271523, 0.20389944, 0.06706639, 0.068402  , 0.06256606,
        0.19973867, 0.04009957, 0.47453849, 0.50014671, 0.30427644,
        0.07221664, 0.29444016, 0.21349493, 0.2260841 , 0.        ,
        0.06261245, 0.30761932, 0.30255233, 0.07981614, 0.23244797,
        0.09413348, 0.11130328, 0.08799486, 0.22106487, 0.06264821,
        0.62826627, 0.61775787, 0.02377118],
       [0.47663995, 0.03964822, 0.47430819, 0.06706859, 0.06275455,
        0.19582574, 0.19942851, 0.06596768, 0.05965999, 0.32132187,
        0.06739028, 0.308403  , 0.29375204, 0.29858359, 0.06261245,
        0.        , 0.21357222, 0.20838479, 0.62738295, 0.06601578,
        0.62727184, 0.10002686, 0.09376827, 0.24319482, 0.23694842,
        0.08847144, 0.08379418, 0.0140694 ],
       [0.47802423, 0.47468506, 0.03939257, 0.20084256, 0.06025563,
        0.06492133, 0.06595302, 0.19681599, 0.06285505, 0.30091049,
        0.29424541, 0.06359361, 0.06759587, 0.32022077, 0.30761932,
        0.21357222, 0.        , 0.20924194, 0.62751622, 0.62542957,
        0.06675215, 0.23608646, 0.08465252, 0.09103115, 0.0986699 ,
        0.24091472, 0.0914179 , 0.01509546],
       [0.03902904, 0.47597621, 0.47660794, 0.06169865, 0.20018052,
        0.06567217, 0.06187605, 0.06583137, 0.20088381, 0.06386234,
        0.29900855, 0.30517465, 0.29819008, 0.0650236 , 0.30255233,
        0.20838479, 0.20924194, 0.        , 0.0638284 , 0.63006058,
        0.63321368, 0.09377023, 0.24890535, 0.09608712, 0.09414391,
        0.09560501, 0.24631291, 0.01417585],
       [0.09254813, 0.09725514, 0.09628636, 0.03986909, 0.02643185,
        0.04352508, 0.04039048, 0.04411834, 0.02642812, 0.25398919,
        0.08775853, 0.07929729, 0.08641093, 0.25404671, 0.07981614,
        0.62738295, 0.62751622, 0.0638284 , 0.        , 0.33547804,
        0.33528579, 0.6406719 , 0.11900994, 0.56149717, 0.6381933 ,
        0.56453891, 0.12183491, 0.04042096],
       [0.08878006, 0.09159463, 0.09212318, 0.04031182, 0.04335653,
        0.02365927, 0.02411054, 0.03776771, 0.04754106, 0.10628933,
        0.23361159, 0.0936431 , 0.08673804, 0.0826722 , 0.23244797,
        0.06601578, 0.62542957, 0.63006058, 0.33547804, 0.        ,
        0.32341185, 0.66216589, 0.59086624, 0.0792471 , 0.13939694,
        0.54296921, 0.60210392, 0.05116542],
       [0.0874159 , 0.09200679, 0.09330251, 0.02401147, 0.04823562,
        0.03729994, 0.04057257, 0.02372674, 0.04331851, 0.08128973,
        0.08720879, 0.22897889, 0.23151492, 0.10524288, 0.09413348,
        0.62727184, 0.06675215, 0.63321368, 0.33528579, 0.32341185,
        0.        , 0.13913463, 0.59343359, 0.52148279, 0.65816158,
        0.07809876, 0.59059078, 0.0636478 ],
       [0.03807304, 0.03794188, 0.02510047, 0.08866203, 0.09394033,
        0.0963149 , 0.0419742 , 0.02617817, 0.03784731, 0.62727622,
        0.62455179, 0.06425328, 0.24416616, 0.09804873, 0.11130328,
        0.10002686, 0.23608646, 0.09377023, 0.6406719 , 0.66216589,
        0.13913463, 0.        , 0.30568562, 0.27754686, 0.64717637,
        0.12031138, 0.6138191 , 0.02403625],
       [0.02595303, 0.04397738, 0.0372991 , 0.0927215 , 0.06889781,
        0.09422541, 0.03150638, 0.04202684, 0.02112976, 0.07119022,
        0.66208074, 0.61231972, 0.09839538, 0.23639166, 0.08799486,
