{"hessian": [[63.59698231432338, -0.3289469384549173, -0.1186178443459247, -31.665185886006917, -24.386502108290905, -0.009063138643532781, -31.98954340531894, 24.72492356189516, -0.009583787033693177], [-0.3289469384549173, 41.56755188465712, -0.01715568584368005, -18.884347770896994, -20.739302285396217, 0.2252157814128378, 18.70397202861698, -20.93111943674395, -0.12017336175850277], [-0.1186178443459247, -0.01715568584368005, -0.43330801577151185, 0.011936346426269982, 0.00762332087321268, 0.02309493414625055, 0.09102990742532724, -0.032138789516073685, 0.07334714543358335], [-31.665185886006917, -18.884347770896994, 0.011936346426269982, 34.42836973671457, 21.73978280303159, 0.1266268306933303, -3.0082549762835287, -3.0051953635215987, -0.06097371146989489], [-24.386502108290905, -20.739302285396217, 0.00762332087321268, 21.73978280303159, 19.826933473098112, -0.06893127575407472, 2.923774954161577, 0.963495198660276, 0.06564669146553213], [-0.009063138643532781, 0.2252157814128378, 0.02309493414625055, 0.1266268306933303, -0.06893127575407472, 0.08971864481307129, -0.1136620430025463, -0.13864673797234192, 0.06779356260520583], [-31.98954340531894, 18.70397202861698, 0.09102990742532724, -3.0082549762835287, 2.923774954161577, -0.1136620430025463, 35.300642195212426, -21.487454738782994, 0.0823074399506647], [24.72492356189516, -20.93111943674395, -0.032138789516073685, -3.0051953635215987, 0.963495198660276, -0.13864673797234192, -21.487454738782994, 20.019354833688748, 0.07856005709309054], [-0.009583787033693177, -0.12017336175850277, 0.07334714543358335, -0.06097371146989489, 0.06564669146553213, 0.06779356260520583, 0.0823074399506647, 0.07856005709309054, 0.01510523107255463]], "frequencies": ["116.46353772529311j", "92.7329041833392j", "32.44286878393206j", "(2.724638289852186+0j)", "(46.82964016381172+0j)", "(188.6510788754788+0j)", "(1612.638825429944+0j)", "(3736.240967381129+0j)", "(3846.327577851493+0j)"]}