{"hessian": [[4.26303967833519, -0.1346672303043306, 0.2466266741976142, -0.06316913350019604, -0.04183829005341977, 0.10893290163949132], [-0.1346672303043306, 2.2238031029701233, 0.9162207134068012, -0.11442573741078377, -0.44701776932924986, 0.07732920348644257], [0.2466266741976142, 0.9162207134068012, 5.532385408878326, 0.027584354393184185, -0.10912606958299875, -0.018514040857553482], [-0.06316913350019604, -0.11442573741078377, 0.027584354393184185, 0.19236747175455093, 4.369876906275749, -0.4837567452341318], [-0.04183829005341977, -0.44701776932924986, -0.10912606958299875, 4.369876906275749, 6.4327672123909, -1.3086133170872927], [0.10893290163949132, 0.07732920348644257, -0.018514040857553482, -0.4837567452341318, -1.3086133170872927, 15.276199579238892]], "frequencies": ["187.1935143259381j", "(181.8867502635818+0j)", "(268.8067547129462+0j)", "(313.53692554411117+0j)", "(378.7678508546118+0j)", "(514.2686876072473+0j)"]}