{"hessian": [[13.810694217681885, -4.089879430830479, -14.211835712194443, 0.9190688841044903, -3.151792287826538, -2.3692185059189796, -6.9713108241558075, 5.220993235707283, 12.684489041566849, -5.5046407505869865, 6.333741545677185, 2.905214950442314], [-4.089879430830479, 15.501518547534943, 12.754836678504944, -2.3196864873170853, 1.080722315236926, 2.3367924615740776, 5.232723616063595, -6.809449940919876, -12.092665582895279, 6.145385280251503, -5.243205465376377, -2.7341220527887344], [-14.211835712194443, 12.754836678504944, 41.19381308555603, 2.7572397142648697, -2.8906315565109253, -3.820497542619705, 11.965067684650421, -11.293959617614746, -27.438288927078247, -1.7752480693161488, 1.8667112104594707, 2.424741629511118], [0.9190688841044903, -2.3196864873170853, 2.7572397142648697, 0.4174506291747093, 4.419962503015995, 0.566454092040658, 0.025165081024169922, 0.002143863821402192, -0.2813994884490967, 0.3900991636328399, -2.365915197879076, -3.343605063855648], [-3.151792287826538, 1.080722315236926, -2.8906315565109253, 4.419962503015995, 0.04905415698885918, -0.44261368457227945, 0.026165926828980446, 0.013657071394845843, 0.2949280431494117, -2.352192159742117, -0.015693972818553448, 3.3330226317048073], [-2.3692185059189796, 2.3367924615740776, -3.820497542619705, 0.566454092040658, -0.44261368457227945, 6.8969666957855225, 1.0394811164587736, -1.011616736650467, 0.28861588798463345, 0.5581819685176015, -0.6249504163861275, -1.766154170036316], [-6.9713108241558075, 5.232723616063595, 11.965067684650421, 0.025165081024169922, 0.026165926828980446, 1.0394811164587736, 7.5058117508888245, -5.765444040298462, -12.338828667998314, -0.30112399253994226, 0.34281129483133554, -0.02723485231399536], [5.220993235707283, -6.809449940919876, -11.293959617614746, 0.002143863821402192, 0.013657071394845843, -1.011616736650467, -5.765444040298462, 7.110592722892761, 11.778727918863297, 0.34525038208812475, -0.25655190693214536, -0.010372622637078166], [12.684489041566849, -12.092665582895279, -27.438288927078247, -0.2813994884490967, 0.2949280431494117, 0.28861588798463345, -12.338828667998314, 11.778727918863297, 28.331762552261353, -0.06385054439306259, 0.07007480598986149, -0.12942918110638857], [-5.5046407505869865, 6.145385280251503, -1.7752480693161488, 0.3900991636328399, -2.352192159742117, 0.5581819685176015, -0.30112399253994226, 0.34525038208812475, -0.06385054439306259, 9.897410869598389, -1.9151050597429276, -1.8957188352942467], [6.333741545677185, -5.243205465376377, 1.8667112104594707, -2.365915197879076, -0.015693972818553448, -0.6249504163861275, 0.34281129483133554, -0.25655190693214536, 0.07007480598986149, -1.9151050597429276, 9.051129221916199, 0.46593688894063234], [2.905214950442314, -2.7341220527887344, 2.424741629511118, -3.343605063855648, 3.3330226317048073, -1.766154170036316, -0.02723485231399536, -0.010372622637078166, -0.12942918110638857, -1.8957188352942467, 0.46593688894063234, 12.439538538455963]], "frequencies": ["1166.4836006886455j", "(138.7521525129456+0j)", "(326.87593007358237+0j)", "(374.1474476076689+0j)", "(483.0806772202507+0j)", "(550.1562774670098+0j)", "(590.8970808050794+0j)", "(681.1690433981548+0j)", "(705.9194439227632+0j)", "(1135.7925444807834+0j)", "(1434.358568479708+0j)", "(3372.645126795464+0j)"]}