{"hessian": [[14.326919579085972, 20.061077410238514, 1.2592684785767023, -1.1401749801459395, -2.5235891748653314, 0.9030228523068319, -13.04050025112609, -15.95964721959735, 0.016127244579165777, 0.10790919967916904, -0.2205813679646201, 0.3080567252694694, 0.00951950945466103, -0.1396816069947594, -0.10977324947110124, 0.14138496283911134, 0.021629405344317537, -0.28012168942209825], [20.061077410238514, 34.9964678357165, 3.1963183170157854, -2.3225096243790646, -3.251963417183916, 1.4122683999469228, -16.467240833456316, -30.029141522417476, -0.2113382520997973, -0.23375827166621027, -0.03751882288106442, 0.41062445813106696, 0.0007649031904825659, 0.06261921749311798, -0.32204352646686474, -0.057059206906837204, -0.022857107103831598, -0.26382732313744883], [1.2592684785767023, 3.1963183170157854, 12.865157443284295, 2.225836145514715, 3.5986509674517055, 0.2922187297959483, -3.8106705618892436, -6.566816017692883, -7.188907283081813, 0.3207129805808995, 0.42461125932846233, -0.6250287507506976, 0.08321375381501801, -0.027928608089468024, 0.3216257222031558, -0.08852308184307336, 0.09894890516208761, 0.3103707181146268], [-1.1401749801459395, -2.3225096243790646, 2.225836145514715, 50.541730358809396, 2.6289272713832137, 2.7461117257167227, -5.724606182908367, -1.3928308600476011, 2.237868908309533, -11.382370111381203, -11.350269888412548, -2.394944028190391, -19.62323139738733, 3.663404200568691, -11.891686364358229, -12.04326575123184, 9.182772073627412, 7.045118338786898], [-2.5235891748653314, -3.251963417183916, 3.5986509674517055, 2.6289272713832137, 51.5464531966609, 3.723150210279072, -1.2824983956389202, -6.362593293591946, 2.3467229884004746, -11.46504393353235, -22.691823737108336, -3.9080060998176243, 3.6131841280708743, -5.074644159251099, 3.0328604335370346, 9.37640185270385, -15.272384916827729, -8.248053947099827], [0.9030228523068319, 1.4122683999469228, 0.2922187297959483, 2.7461117257167227, 3.723150210279072, 40.308868332049606, 2.686687103901502, 3.1182853360707585, -14.108330816071348, -2.1940123161358986, -3.5611771388759634, -4.9947342729983335, -11.269659376548333, 2.9420876364278366, -12.043792827379903, 6.731090226425344, -7.687077803854663, -9.224224684345241], [-13.04050025112609, -16.467240833456316, -3.8106705618892436, -5.724606182908367, -1.2824983956389202, 2.686687103901502, 20.036568369353557, 16.035912567118995, -1.7561020257056854, -0.6665392112896584, -0.2529708400389192, 1.3185645452338581, 0.7022389786841132, 1.0388542323175656, -1.5535376631437763, -0.6776399491885103, -0.7531789600670901, 1.659235714104239], [-15.95964721959735, -30.029141522417476, -6.566816017692883, -1.3928308600476011, -6.362593293591946, 3.1182853360707585, 16.035912567118995, 42.307836762370364, -0.9792817720705715, -0.442024055488271, -0.94828712346127, 2.2071442255321667, -0.23119359626282762, -0.43495994955263795, 0.8528542018722409, 0.6199958163124806, 0.6943392642210624, -1.1043016632880982], [0.016127244579165777, -0.2113382520997973, -7.188907283081813, 2.237868908309533, 2.3467229884004746, -14.108330816071348, -1.7561020257056854, -0.9792817720705715, 33.19625853527896, -0.40894681331832805, -0.5044697235180021, 0.6538251061570999, 0.4488374788656786, 0.585915843909636, -2.1685326838075554, 0.4529126773763168, 0.41203213711187103, -1.9624909042200072], [0.10790919967916904, -0.23375827166621027, 0.3207129805808995, -11.382370111381203, -11.46504393353235, -2.1940123161358986, -0.6665392112896584, -0.442024055488271, -0.40894681331832805, 12.05866665916794, 12.506038609231688, 2.332048417107435, -1.1293827746264418, -1.9604147384172688, -0.2522059368484366, 0.9948433739542544, 1.5576128616544143, 0.22749120771057585], [-0.2205813679646201, -0.03751882288106442, 0.42461125932846233, -11.350269888412548, -22.691823737108336, -3.5611771388759634, -0.2529708400389192, -0.94828712346127, -0.5044697235180021, 12.506038609231688, 24.426457051417287, 3.8088707896763436, 0.45001375856196685, 0.6680754454285268, 0.09390954296596737, -1.0430451304704618, -1.5013828355170915, -0.22614780630880404], [0.3080567252694694, 0.41062445813106696, -0.6250287507506976, -2.394944028190391, -3.9080060998176243, -4.9947342729983335, 1.3185645452338581, 2.2071442255321667, 0.6538251061570999, 2.332048417107435, 3.8088707896763436, 5.539120373095299, -0.7453628064567809, -1.5021477387075743, -0.25152459451069586, -0.8427497664483872, -1.0802104266668493, -0.23102004679944077], [0.00951950945466103, 0.0007649031904825659, 0.08321375381501801, -19.62323139738733, 3.6131841280708743, -11.269659376548333, 0.7022389786841132, -0.23119359626282762, 0.4488374788656786, -1.1293827746264418, 0.45001375856196685, -0.7453628064567809, 21.387927335409618, -4.113045149172271, 12.529879163294709, -1.3356302424668933, 0.2697215771346967, -1.04494131905191], [-0.1396816069947594, 0.06261921749311798, -0.027928608089468024, 3.663404200568691, -5.074644159251099, 2.9420876364278366, 1.0388542323175656, -0.43495994955263795, 0.585915843909636, -1.9604147384172688, 0.6680754454285268, -1.5021477387075743, -4.113045149172271, 5.101428626433795, -3.2914812727728795, 1.5716318016413258, -0.409242490181876, 1.2112274160080752], [-0.10977324947110124, -0.32204352646686474, 0.3216257222031558, -11.891686364358229, 3.0328604335370346, -12.043792827379903, -1.5535376631437763, 0.8528542018722409, -2.1685326838075554, -0.2522059368484366, 0.09390954296596737, -0.25152459451069586, 12.529879163294709, -3.2914812727728795, 13.299609599962581, 1.191969853330044, -0.30733681638430943, 0.9261242142109856], [0.14138496283911134, -0.057059206906837204, -0.08852308184307336, -12.04326575123184, 9.37640185270385, 6.731090226425344, -0.6776399491885103, 0.6199958163124806, 0.4529126773763168, 0.9948433739542544, -1.0430451304704618, -0.8427497664483872, -1.3356302424668933, 1.5716318016413258, 1.191969853330044, 12.88464640524684, -10.364682485838923, -7.53950933791266], [0.021629405344317537, -0.022857107103831598, 0.09894890516208761, 9.182772073627412, -15.272384916827729, -7.687077803854663, -0.7531789600670901, 0.6943392642210624, 0.41203213711187103, 1.5576128616544143, -1.5013828355170915, -1.0802104266668493, 0.2697215771346967, -0.409242490181876, -0.30733681638430943, -10.364682485838923, 16.457155681306173, 8.526793668572733], [-0.28012168942209825, -0.26382732313744883, 0.3103707181146268, 7.045118338786898, -8.248053947099827, -9.224224684345241, 1.659235714104239, -1.1043016632880982, -1.9624909042200072, 0.22749120771057585, -0.22614780630880404, -0.23102004679944077, -1.04494131905191, 1.2112274160080752, 0.9261242142109856, -7.53950933791266, 8.526793668572733, 10.262635401367485]], "frequencies": ["84.66139750892513j", "(68.71705628149006+0j)", "(90.54726736420744+0j)", "(147.81316939466893+0j)", "(207.88250294859608+0j)", "(332.6193475455794+0j)", "(452.60298916809984+0j)", "(582.8813985512363+0j)", "(942.7234629972016+0j)", "(950.7359594055825+0j)", "(1063.1880749338288+0j)", "(1333.7484336815003+0j)", "(1356.4389555003377+0j)", "(1434.4289203244914+0j)", "(1444.57805675899+0j)", "(2979.6737653766554+0j)", "(3042.840969381917+0j)", "(3106.392369350387+0j)"]}