{"hessian": [[50.67856446905303, 0.31938243469493377, 0.2735332375713032, -10.331746654342853, -8.820297949949325, 6.841114158454669, -15.408955488997334, 9.171825601918236, -9.038603891616209, -10.93120578415456, -8.049976159554362, -8.18465697090042, -14.445325307421092, 7.439506280454445, 10.201108902717916], [0.31938243469493377, 53.87799382089398, 0.21275878659640768, -8.69080433923116, -16.787156772057216, 9.54157594754276, 9.095830220228528, -12.029246811244928, 7.273946520141343, -8.02557639055376, -13.969934760657228, -9.583324235124138, 7.39032750473695, -9.91163482554664, -7.356099693902331], [0.2735332375713032, 0.21275878659640768, 50.19320446978129, 6.790347726535079, 9.60213828250685, -11.553669859501875, -9.034085177810248, 7.340570230808165, -11.267602494019304, -8.215825168973108, -9.652647604110312, -13.838075735030682, 10.266202807003772, -7.438008612862997, -14.230162539368878], [-10.331746654342853, -8.69080433923116, 6.790347726535079, 10.849052610393574, 9.570250175549003, -7.36335663257506, 1.130764742575633, 1.6219097239602713, -1.254589070823162, -0.6949241901902548, -0.7818467603154278, 1.0749782317336325, -0.9540528223004536, -1.5667852721823015, 0.8865613643166987], [-8.820297949949325, -16.787156772057216, 9.60213828250685, 9.570250175549003, 17.966573214202285, -10.566012718883416, -0.6605806797133785, -1.1059985913745467, 0.7537446027625729, -0.7597738396757883, -1.236636342999483, 1.048052353877066, 0.5443411057916431, 1.0775557626528216, -0.6432193056167954], [6.841114158454669, 9.54157594754276, -11.553669859501875, -7.36335663257506, -10.566012718883416, 12.380273098097389, 0.8959587463711987, 0.8105981214165072, -0.7826309467796199, -1.0861046806640973, -1.561257400385537, 1.0031866037126271, 0.7625763421215899, 1.5540261727444202, -1.0338598644267676], [-15.408955488997334, 9.095830220228528, -9.034085177810248, 1.130764742575633, -0.6605806797133785, 0.8959587463711987, 16.809563936107825, -10.055687307915584, 9.8955590030307, -1.0446199311567492, 0.9099841141160134, -0.648682899834528, -1.4532582120957227, 0.8670852578699583, -0.9352966247388731], [9.171825601918236, -12.029246811244928, 7.340570230808165, 1.6219097239602713, -1.1059985913745467, 0.8105981214165072, -10.055687307915584, 12.279280165922078, -7.931808258261663, -1.4567163458476524, 0.9896304622947474, -1.1832088193079622, 0.7635919278702978, -0.6468895553795311, 0.7963092155976608], [-9.038603891616209, 7.273946520141343, -11.267602494019304, -1.254589070823162, 0.7537446027625729, -0.7826309467796199, 9.8955590030307, -7.931808258261663, 12.091422513442724, -0.9944769917537711, 1.2631122778028248, -0.8720539147291433, 1.3073545354506517, -1.2270525559657899, 1.1770445994787793], [-10.93120578415456, -8.02557639055376, -8.215825168973108, -0.6949241901902548, -0.7597738396757883, -1.0861046806640973, -1.0446199311567492, -1.4567163458476524, -0.9944769917537711, 11.699624958210173, 8.719529989300629, 8.876039466486004, 1.1633213363554158, 1.3793904182719792, 1.2248606905207937], [-8.049976159554362, -13.969934760657228, -9.652647604110312, -0.7818467603154278, -1.236636342999483, -1.561257400385537, 0.9099841141160134, 0.9896304622947474, 1.2631122778028248, 8.719529989300629, 14.487883492498273, 10.426530372383656, -0.7545737835320876, -0.7169521165245718, -0.6770036011560921], [-8.18465697090042, -9.583324235124138, -13.838075735030682, 1.0749782317336325, 1.048052353877066, 1.0031866037126271, -0.648682899834528, -1.1832088193079622, -0.8720539147291433, 8.876039466486004, 10.426530372383656, 14.862120413139246, -1.072387845298637, -0.8626565326746434, -1.1686306643834712], [-14.445325307421092, 7.39032750473695, 10.266202807003772, -0.9540528223004536, 0.5443411057916431, 0.7625763421215899, -1.4532582120957227, 0.7635919278702978, 1.3073545354506517, 1.1633213363554158, -0.7545737835320876, -1.072387845298637, 15.90319864969132, -8.170348781807864, -11.468122829567992], [7.439506280454445, -9.91163482554664, -7.438008612862997, -1.5667852721823015, 1.0775557626528216, 1.5540261727444202, 0.8670852578699583, -0.6468895553795311, -1.2270525559657899, 1.3793904182719792, -0.7169521165245718, -0.8626565326746434, -8.170348781807864, 10.06279640815654, 8.058923598555637], [10.201108902717916, -7.356099693902331, -14.230162539368878, 0.8865613643166987, -0.6432193056167954, -1.0338598644267676, -0.9352966247388731, 0.7963092155976608, 1.1770445994787793, 1.2248606905207937, -0.6770036011560921, -1.1686306643834712, -11.468122829567992, 8.058923598555637, 15.60591484666764]], "frequencies": ["99.93026405282285j", "37.44396589242783j", "23.11205510291087j", "(18.461506775778222+0j)", "(72.50729734863614+0j)", "(107.9664410476972+0j)", "(1315.1889448197753+0j)", "(1318.0268675738412+0j)", "(1342.1868980960771+0j)", "(1543.1257414177533+0j)", "(1545.2060044708517+0j)", "(2985.620403897363+0j)", "(3107.704044104013+0j)", "(3109.945728382748+0j)", "(3119.2121736162912+0j)"]}