Python path: /home/lekia.p/miniforge3/envs/pynta_env/bin/python
Conda environment: pynta_fairchem
ASE version: 3.22.1
2025-07-12 13:54:22,291 INFO Hostname/IP lookup (this will take a few seconds)
2025-07-12 13:54:22,292 INFO Launching Rocket
✅ Patched scipy.linalg.lapack.dsyevr
2025-07-12 13:54:26,097 INFO RUNNING fw_id: 13 in directory: /projects/westgroup/lekia.p/pynta/Fe/block_2025-07-12-17-50-43-929229/launcher_2025-07-12-17-53-29-277869
2025-07-12 13:54:26,133 INFO Task started: {{pynta.tasks.MolecularAdsorbateEstimate}}.
initial geometries
4
------------------------------------------------------------
  cycle        total energy    energy error   density error
------------------------------------------------------------
      1     -76.67119473472  -7.6743320E+01   1.2360493E+00
      2      756.6430259848   8.3331422E+02   2.9351770E+00
      3      818.9237615293   6.2280736E+01   2.9135141E+00
      4      409.7387235817  -4.0918504E+02   2.8877283E+00
      5      607.4201276478   1.9768140E+02   2.6142246E+00
      6      558.5856577435  -4.8834470E+01   2.5743651E+00
      7      123.4321809196  -4.3515348E+02   2.0761486E+00
      8      137.7690907706   1.4336910E+01   2.0287707E+00
      9      190.5795869363   5.2810496E+01   2.1874056E+00
     10      237.6314090499   4.7051822E+01   2.2664169E+00
     11      383.7670062532   1.4613560E+02   2.5278400E+00
     12      433.1047779211   4.9337772E+01   2.6016274E+00
     13      174.0287775374  -2.5907600E+02   2.2685390E+00
     14      165.3321436567  -8.6966339E+00   2.3510249E+00
     15      169.0607218301   3.7285782E+00   2.1813654E+00
     16      395.3226426049   2.2626192E+02   2.4330507E+00
     17      408.8154902055   1.3492848E+01   2.4613186E+00
     18      407.4424640334  -1.3730262E+00   2.4237303E+00
     19      383.9031164956  -2.3539348E+01   2.3499064E+00
     20      323.6293135291  -6.0273803E+01   2.2403679E+00
     21      286.9304237706  -3.6698890E+01   2.1867154E+00
     22      264.2860701856  -2.2644354E+01   2.1190042E+00
     23      240.0276855363  -2.4258385E+01   2.0053102E+00
     24      209.0701732649  -3.0957512E+01   1.9327545E+00
     25      195.4600536718  -1.3610120E+01   1.9966452E+00
     26      125.5069250215  -6.9953129E+01   1.7023634E+00
     27      102.4865426904  -2.3020382E+01   1.6566532E+00
     28      75.00179302297  -2.7484750E+01   1.5890211E+00
     29      70.21456776400  -4.7872253E+00   1.5889328E+00
     30      62.73988032682  -7.4746874E+00   1.5536099E+00
     31      62.49702426528  -2.4285606E-01   1.5514415E+00
     32      62.46179974088  -3.5224524E-02   1.5512938E+00
     33      62.90845428841   4.4665455E-01   1.5590808E+00
     34      62.81468541253  -9.3768876E-02   1.5606217E+00
     35      74.80708304716   1.1992398E+01   1.5484655E+00
     36      78.15692145457   3.3498384E+00   1.5302169E+00
     37      114.4556491815   3.6298728E+01   1.6424253E+00
     38      195.0960649771   8.0640416E+01   1.8603750E+00
     39      275.8786570965   8.0782592E+01   2.1159048E+00
     40      273.3013927413  -2.5772644E+00   2.0971023E+00
     41      266.0683349007  -7.2330578E+00   2.0749084E+00
     42      256.8332843439  -9.2350506E+00   2.0468219E+00
     43      143.7476120065  -1.1308567E+02   1.7107795E+00
     44      136.4769532724  -7.2706587E+00   1.6919950E+00
     45      133.7520822930  -2.7248710E+00   1.6852873E+00
     46      132.2361853167  -1.5158970E+00   1.6833226E+00
     47      137.7511331187   5.5149478E+00   1.6931692E+00
     48      127.5851423047  -1.0165991E+01   1.6491621E+00
     49      87.47708824427  -4.0108054E+01   1.5388007E+00
     50      76.27173763121  -1.1205351E+01   1.5510571E+00
     51      67.73666056718  -8.5350771E+00   1.5012190E+00
     52     0.2193263885157  -6.7517334E+01   1.3108680E+00
     53     -13.41102356190  -1.3630350E+01   1.2029820E+00
     54      31.45271876902   4.4863742E+01   1.2874205E+00
     55     -23.16241175425  -5.4615131E+01   1.2847008E+00
     56     -25.35986260220  -2.1974508E+00   1.2414171E+00
     57     -19.68735763667   5.6725050E+00   1.2834720E+00
     58     -8.622712629571   1.1064645E+01   1.3550734E+00
     59     -37.11484401429  -2.8492131E+01   1.0488286E+00
     60     -35.91242528071   1.2024187E+00   1.1392576E+00
     61     -52.89730788869  -1.6984883E+01   8.8201022E-01
     62     -57.27879934184  -4.3814915E+00   8.4827813E-01
     63     -58.24493352338  -9.6613418E-01   8.3124213E-01
     64     -59.99753380253  -1.7526003E+00   7.8934147E-01
     65     -63.06529368642  -3.0677599E+00   7.3492159E-01
     66     -65.84649510622  -2.7812014E+00   6.7933875E-01
     67     -55.37757942823   1.0468916E+01   7.9970356E-01
     68     -37.03222317030   1.8345356E+01   8.1842154E-01
     69     -66.38928089711  -2.9357058E+01   5.7514333E-01
     70     -72.11318626168  -5.7239054E+00   5.0784725E-01
     71     -70.59058523910   1.5226010E+00   5.2377322E-01
     72     -73.38823457664  -2.7976493E+00   4.9940199E-01
     73     -75.55983205985  -2.1715975E+00   4.2801877E-01
     74     -73.66304155115   1.8967905E+00   4.5986300E-01
     75     -70.01044465074   3.6525969E+00   4.8042483E-01
     76     -77.18780895592  -7.1773643E+00   3.4369994E-01
     77     -76.95246774975   2.3534121E-01   3.4959513E-01
     78     -79.47786865807  -2.5254009E+00   2.7121714E-01
     79     -79.41877514978   5.9093508E-02   2.6362261E-01
     80     -80.50440795055  -1.0856328E+00   1.9874653E-01
     81     -80.75813551364  -2.5372756E-01   1.8320174E-01
     82     -80.93843270463  -1.8029719E-01   1.6136491E-01
     83     -81.06306381849  -1.2463111E-01   1.4497977E-01
     84     -81.41587585176  -3.5281203E-01   1.1719748E-01
     85     -81.53740055790  -1.2152471E-01   1.0344864E-01
     86     -81.62351519219  -8.6114634E-02   8.7601820E-02
     87     -81.70716359943  -8.3648407E-02   6.7599573E-02
     88     -81.78807950862  -8.0915909E-02   5.5839731E-02
     89     -81.82562999646  -3.7550488E-02   5.1223585E-02
     90     -81.87934839318  -5.3718397E-02   3.6979667E-02
     91     -81.91004161820  -3.0693225E-02   2.4805117E-02
     92     -81.91303673529  -2.9951171E-03   2.2130024E-02
     93     -81.91833154417  -5.2948089E-03   1.6966591E-02
     94     -81.92425793411  -5.9263899E-03   1.4115191E-02
     95     -81.92650609559  -2.2481615E-03   1.2195217E-02
     96     -81.92935407858  -2.8479830E-03   8.5399699E-03
     97     -81.92974782154  -3.9374296E-04   7.6872564E-03
     98     -81.93041450177  -6.6668023E-04   5.8203083E-03
     99     -81.93099348587  -5.7898410E-04   4.7258130E-03
    100     -81.93148239278  -4.8890691E-04   3.1939000E-03
    101     -81.93158168462  -9.9291844E-05   2.6879937E-03
    102     -81.93169504255  -1.1335792E-04   1.9931379E-03
    103     -81.93171563150  -2.0588950E-05   1.7279480E-03
    104     -81.93175123131  -3.5599813E-05   1.2913664E-03
    105     -81.93178819301  -3.6961701E-05   1.0063141E-03
    106     -81.93180375509  -1.5562085E-05   8.2354960E-04
    107     -81.93181651500  -1.2759909E-05   5.4934008E-04
    108     -81.93182273688  -6.2218713E-06   3.4899349E-04
    109     -81.93182602838  -3.2915074E-06   2.4075152E-04
    110     -81.93182453641   1.4919739E-06   2.5048405E-04
    111     -81.93182637674  -1.8403347E-06   1.7334017E-04
    112     -81.93182745376  -1.0770213E-06   8.8526620E-05
    113     -81.93182781529  -3.6152831E-07   4.6546051E-05
    114     -81.93182784962  -3.4331748E-08   2.7641205E-05
    115     -81.93182787307  -2.3445452E-08   1.7869555E-05
------------------------------------------------------------

 total:                                   3.603 sec
3
{'bond-orders': array([[0.00000000e+00, 3.86779632e-01, 3.86799845e-01, 7.07036626e-01,
        2.08125986e-01, 6.94888212e-01, 7.06985177e-01, 6.94975210e-01,
        2.08453852e-01, 2.48178541e-01, 8.38509498e-02, 8.26755475e-02,
        8.35386580e-02, 2.48974606e-01, 8.25070983e-02, 5.34859025e-01,
        5.34821300e-01, 9.86538105e-02, 2.06049075e-01, 1.04658839e-01,
        1.04603276e-01, 6.66883165e-02, 3.01966427e-02, 6.42062697e-02,
        6.66693627e-02, 6.49663362e-02, 3.06703939e-02, 3.28863423e-03],
       [3.86779632e-01, 0.00000000e+00, 3.83482023e-01, 7.03035290e-01,
        7.05899342e-01, 2.11481080e-01, 2.18914360e-01, 6.98016351e-01,
        7.05291436e-01, 8.35833164e-02, 2.38754343e-01, 8.38674417e-02,
        7.97277224e-02, 8.17238152e-02, 2.47874269e-01, 9.68290377e-02,
        5.38684555e-01, 5.37287783e-01, 1.03492083e-01, 2.11078105e-01,
        1.04430750e-01, 6.42474159e-02, 6.75014419e-02, 2.83448389e-02,
        2.83247343e-02, 6.50424132e-02, 6.55277242e-02, 3.35271262e-03],
       [3.86799845e-01, 3.83482023e-01, 0.00000000e+00, 2.18939673e-01,
        7.05270675e-01, 6.97957289e-01, 7.02416516e-01, 2.12026952e-01,
        7.05875505e-01, 8.16653112e-02, 7.99164402e-02, 2.47405026e-01,
        2.37814072e-01, 8.37873004e-02, 8.39070681e-02, 5.39068505e-01,
        9.69530842e-02, 5.37509781e-01, 1.03635538e-01, 1.04478333e-01,
        2.11053780e-01, 2.82988955e-02, 6.58250677e-02, 6.42275015e-02,
        6.45179297e-02, 2.86073593e-02, 6.74600873e-02, 3.15807697e-03],
       [7.07036626e-01, 7.03035290e-01, 2.18939673e-01, 0.00000000e+00,
        3.83675316e-01, 3.81639358e-01, 7.12249623e-01, 2.23620161e-01,
        7.07100727e-01, 5.39951231e-01, 5.44861099e-01, 8.75994710e-02,
        2.37740722e-01, 8.85464264e-02, 8.27525118e-02, 7.57859474e-02,
        2.48992878e-01, 8.09209550e-02, 6.60986091e-02, 6.59726009e-02,
        2.65321528e-02, 1.93012517e-01, 1.09406430e-01, 9.77035800e-02,
        5.50684538e-02, 3.56253617e-02, 6.35490459e-02, 6.16377405e-03],
       [2.08125986e-01, 7.05899342e-01, 7.05270675e-01, 3.83675316e-01,
        0.00000000e+00, 3.77860767e-01, 7.06930519e-01, 7.03580480e-01,
        2.01492909e-01, 9.57549223e-02, 5.35525040e-01, 5.46429373e-01,
        8.79834757e-02, 2.44928515e-01, 8.52301308e-02, 7.99976028e-02,
        8.41596294e-02, 2.47513680e-01, 2.73561417e-02, 6.64903026e-02,
        6.46089627e-02, 1.12885319e-01, 1.97772510e-01, 1.02821632e-01,
        6.22256098e-02, 7.90681210e-02, 2.90178955e-02, 2.24135545e-03],
       [6.94888212e-01, 2.11481080e-01, 6.97957289e-01, 3.81639358e-01,
        3.77860767e-01, 0.00000000e+00, 2.22778342e-01, 7.28415557e-01,
        7.03086872e-01, 5.35066084e-01, 8.11360775e-02, 5.46384858e-01,
        9.67908562e-02, 7.96231872e-02, 2.37359719e-01, 2.39154168e-01,
        8.12614156e-02, 8.89100891e-02, 6.66281652e-02, 2.81716247e-02,
        7.03188924e-02, 9.52740371e-02, 1.03949511e-01, 1.58551719e-01,
        2.89152014e-02, 6.71063999e-02, 7.30832587e-02, 1.32710355e-03],
       [7.06985177e-01, 2.18914360e-01, 7.02416516e-01, 7.12249623e-01,
        7.06930519e-01, 2.22778342e-01, 0.00000000e+00, 3.81777999e-01,
        3.83841440e-01, 8.83452682e-02, 2.37697063e-01, 8.27094033e-02,
        5.44776496e-01, 5.41647004e-01, 8.81082427e-02, 2.48909789e-01,
        7.55635957e-02, 8.14579327e-02, 6.59916319e-02, 2.64070160e-02,
        6.65382124e-02, 5.51460411e-02, 6.51284090e-02, 3.36862880e-02,
        1.91640093e-01, 9.79409047e-02, 1.10116542e-01, 5.98304954e-03],
       [6.94975210e-01, 6.98016351e-01, 2.12026952e-01, 2.23620161e-01,
        7.03580480e-01, 7.28415557e-01, 3.81777999e-01, 0.00000000e+00,
        3.77488389e-01, 7.98211994e-02, 9.67003683e-02, 2.36840137e-01,
        8.13233784e-02, 5.34927365e-01, 5.46366370e-01, 8.14965542e-02,
        2.38612612e-01, 8.86778162e-02, 6.68207298e-02, 7.04884526e-02,
        2.85468989e-02, 2.96203981e-02, 7.19453005e-02, 6.61324194e-02,
        9.55871020e-02, 1.56767529e-01, 1.03365148e-01, 1.33671362e-03],
       [2.08453852e-01, 7.05291436e-01, 7.05875505e-01, 7.07100727e-01,
        2.01492909e-01, 7.03086872e-01, 3.83841440e-01, 3.77488389e-01,
        0.00000000e+00, 2.44447697e-01, 8.87496722e-02, 8.56843212e-02,
        5.35215104e-01, 9.44950058e-02, 5.46798451e-01, 8.43517270e-02,
        7.93241094e-02, 2.47822959e-01, 2.74015330e-02, 6.43787414e-02,
        6.68765160e-02, 6.21605970e-02, 2.90963895e-02, 7.97199081e-02,
        1.14197138e-01, 1.02190804e-01, 1.94964643e-01, 2.53102497e-03],
       [2.48178541e-01, 8.35833164e-02, 8.16653112e-02, 5.39951231e-01,
        9.57549223e-02, 5.35066084e-01, 8.83452682e-02, 7.98211994e-02,
        2.44447697e-01, 0.00000000e+00, 2.29398854e-01, 2.32773064e-01,
        3.18791655e-01, 6.46426320e-02, 3.12239859e-01, 3.19625420e-01,
        3.08390563e-01, 6.29455597e-02, 2.55140214e-01, 1.12009807e-01,
        1.06550109e-01, 7.10142033e-01, 1.47705698e-01, 6.91417133e-01,
        1.19447285e-01, 1.08861236e-01, 2.62109135e-01, 3.61885504e-03],
       [8.38509498e-02, 2.38754343e-01, 7.99164402e-02, 5.44861099e-01,
        5.35525040e-01, 8.11360775e-02, 2.37697063e-01, 9.67003683e-02,
        8.87496722e-02, 2.29398854e-01, 0.00000000e+00, 2.16582926e-01,
        3.11425137e-01, 3.19085845e-01, 9.07935983e-02, 6.38130401e-02,
        2.96047384e-01, 3.03077671e-01, 1.11608496e-01, 2.53417988e-01,
        1.14190977e-01, 6.78841636e-01, 6.98719815e-01, 1.17050787e-01,
        2.49822401e-01, 1.33410431e-01, 1.11232923e-01, 6.00996893e-03],
       [8.26755475e-02, 8.38674417e-02, 2.47405026e-01, 8.75994710e-02,
        5.46429373e-01, 5.46384858e-01, 8.27094033e-02, 2.36840137e-01,
        8.56843212e-02, 2.32773064e-01, 2.16582926e-01, 0.00000000e+00,
        9.26526830e-02, 3.12292651e-01, 3.11372932e-01, 3.18995957e-01,
        6.89613098e-02, 3.15944854e-01, 1.09750441e-01, 1.18536866e-01,
        2.64637361e-01, 1.27669869e-01, 6.91580248e-01, 6.71823617e-01,
        1.25032926e-01, 2.44917101e-01, 1.16937596e-01, 9.40060298e-04],
       [8.35386580e-02, 7.97277224e-02, 2.37814072e-01, 2.37740722e-01,
        8.79834757e-02, 9.67908562e-02, 5.44776496e-01, 8.13233784e-02,
        5.35215104e-01, 3.18791655e-01, 3.11425137e-01, 9.26526830e-02,
        0.00000000e+00, 2.27033930e-01, 2.16221811e-01, 2.95271990e-01,
        6.40675100e-02, 3.02037638e-01, 1.12010028e-01, 1.14669355e-01,
        2.54664096e-01, 2.50413847e-01, 1.10208227e-01, 1.33091357e-01,
        6.79050184e-01, 1.18827408e-01, 6.94228854e-01, 5.85392563e-03],
       [2.48974606e-01, 8.17238152e-02, 8.37873004e-02, 8.85464264e-02,
        2.44928515e-01, 7.96231872e-02, 5.41647004e-01, 5.34927365e-01,
        9.44950058e-02, 6.46426320e-02, 3.19085845e-01, 3.12292651e-01,
        2.27033930e-01, 0.00000000e+00, 2.34297939e-01, 3.09065275e-01,
        3.19617915e-01, 6.35757645e-02, 2.55703294e-01, 1.06003426e-01,
        1.11504213e-01, 1.19968212e-01, 2.63038871e-01, 1.08633027e-01,
        7.10543642e-01, 6.88261703e-01, 1.46422444e-01, 3.12146233e-03],
       [8.25070983e-02, 2.47874269e-01, 8.39070681e-02, 8.27525118e-02,
        8.52301308e-02, 2.37359719e-01, 8.81082427e-02, 5.46366370e-01,
        5.46798451e-01, 3.12239859e-01, 9.07935983e-02, 3.11372932e-01,
        2.16221811e-01, 2.34297939e-01, 0.00000000e+00, 6.89859170e-02,
        3.18610486e-01, 3.15956893e-01, 1.08975591e-01, 2.64006568e-01,
        1.19048664e-01, 1.25909647e-01, 1.16144604e-01, 2.45451382e-01,
        1.29221826e-01, 6.71049871e-01, 6.94947917e-01, 7.03871442e-04],
       [5.34859025e-01, 9.68290377e-02, 5.39068505e-01, 7.57859474e-02,
        7.99976028e-02, 2.39154168e-01, 2.48909789e-01, 8.14965542e-02,
        8.43517270e-02, 3.19625420e-01, 6.38130401e-02, 3.18995957e-01,
        2.95271990e-01, 3.09065275e-01, 6.89859170e-02, 0.00000000e+00,
        2.20641705e-01, 2.25630250e-01, 6.89461869e-01, 1.58155763e-01,
        6.93791016e-01, 1.16902133e-01, 1.12013080e-01, 2.78326199e-01,
        2.59555508e-01, 1.20023466e-01, 1.11600259e-01, 5.67734114e-03],
       [5.34821300e-01, 5.38684555e-01, 9.69530842e-02, 2.48992878e-01,
        8.41596294e-02, 8.12614156e-02, 7.55635957e-02, 2.38612612e-01,
        7.93241094e-02, 3.08390563e-01, 2.96047384e-01, 6.89613098e-02,
        6.40675100e-02, 3.19617915e-01, 3.18610486e-01, 2.20641705e-01,
        0.00000000e+00, 2.25301081e-01, 6.88797200e-01, 6.93933910e-01,
        1.59206934e-01, 2.59412884e-01, 1.11855193e-01, 1.19147805e-01,
        1.16732603e-01, 2.81237432e-01, 1.12494416e-01, 6.04217483e-03],
       [9.86538105e-02, 5.37287783e-01, 5.37509781e-01, 8.09209550e-02,
        2.47513680e-01, 8.89100891e-02, 8.14579327e-02, 8.86778162e-02,
        2.47822959e-01, 6.29455597e-02, 3.03077671e-01, 3.15944854e-01,
        3.02037638e-01, 6.35757645e-02, 3.15956893e-01, 2.25630250e-01,
        2.25301081e-01, 0.00000000e+00, 1.52600114e-01, 6.96481990e-01,
        6.95946930e-01, 1.11417764e-01, 2.62184418e-01, 1.15772854e-01,
        1.11093901e-01, 1.15642627e-01, 2.60647275e-01, 3.44270769e-03],
       [2.06049075e-01, 1.03492083e-01, 1.03635538e-01, 6.60986091e-02,
        2.73561417e-02, 6.66281652e-02, 6.59916319e-02, 6.68207298e-02,
        2.74015330e-02, 2.55140214e-01, 1.11608496e-01, 1.09750441e-01,
        1.12010028e-01, 2.55703294e-01, 1.08975591e-01, 6.89461869e-01,
        6.88797200e-01, 1.52600114e-01, 0.00000000e+00, 3.67276244e-01,
        3.66971041e-01, 6.52711617e-01, 1.37860166e-01, 6.35666243e-01,
        6.51852690e-01, 6.34790495e-01, 1.37769830e-01, 6.98284966e-03],
       [1.04658839e-01, 2.11078105e-01, 1.04478333e-01, 6.59726009e-02,
        6.64903026e-02, 2.81716247e-02, 2.64070160e-02, 7.04884526e-02,
        6.43787414e-02, 1.12009807e-01, 2.53417988e-01, 1.18536866e-01,
        1.14669355e-01, 1.06003426e-01, 2.64006568e-01, 1.58155763e-01,
        6.93933910e-01, 6.96481990e-01, 3.67276244e-01, 0.00000000e+00,
        3.67531337e-01, 6.43657441e-01, 6.25433820e-01, 1.26158110e-01,
        1.41379549e-01, 6.31045064e-01, 6.18267700e-01, 1.79553524e-02],
       [1.04603276e-01, 1.04430750e-01, 2.11053780e-01, 2.65321528e-02,
        6.46089627e-02, 7.03188924e-02, 6.65382124e-02, 2.85468989e-02,
        6.68765160e-02, 1.06550109e-01, 1.14190977e-01, 2.64637361e-01,
        2.54664096e-01, 1.11504213e-01, 1.19048664e-01, 6.93791016e-01,
        1.59206934e-01, 6.95946930e-01, 3.66971041e-01, 3.67531337e-01,
        0.00000000e+00, 1.40972650e-01, 6.12555349e-01, 6.29029291e-01,
        6.41011906e-01, 1.22558283e-01, 6.26370145e-01, 2.38153459e-02],
       [6.66883165e-02, 6.42474159e-02, 2.82988955e-02, 1.93012517e-01,
        1.12885319e-01, 9.52740371e-02, 5.51460411e-02, 2.96203981e-02,
        6.21605970e-02, 7.10142033e-01, 6.78841636e-01, 1.27669869e-01,
        2.50413847e-01, 1.19968212e-01, 1.25909647e-01, 1.16902133e-01,
        2.59412884e-01, 1.11417764e-01, 6.52711617e-01, 6.43657441e-01,
        1.40972650e-01, 0.00000000e+00, 3.75731795e-01, 3.07581132e-01,
        6.50209335e-01, 1.93115544e-01, 6.23758436e-01, 3.93334779e-03],
       [3.01966427e-02, 6.75014419e-02, 6.58250677e-02, 1.09406430e-01,
        1.97772510e-01, 1.03949511e-01, 6.51284090e-02, 7.19453005e-02,
        2.90963895e-02, 1.47705698e-01, 6.98719815e-01, 6.91580248e-01,
        1.10208227e-01, 2.63038871e-01, 1.16144604e-01, 1.12013080e-01,
        1.11855193e-01, 2.62184418e-01, 1.37860166e-01, 6.25433820e-01,
        6.12555349e-01, 3.75731795e-01, 0.00000000e+00, 3.22746504e-01,
        6.19992625e-01, 5.54067487e-01, 1.42060621e-01, 1.00918459e-01],
       [6.42062697e-02, 2.83448389e-02, 6.42275015e-02, 9.77035800e-02,
        1.02821632e-01, 1.58551719e-01, 3.36862880e-02, 6.61324194e-02,
        7.97199081e-02, 6.91417133e-01, 1.17050787e-01, 6.71823617e-01,
        1.33091357e-01, 1.08633027e-01, 2.45451382e-01, 2.78326199e-01,
        1.19147805e-01, 1.15772854e-01, 6.35666243e-01, 1.26158110e-01,
        6.29029291e-01, 3.07581132e-01, 3.22746504e-01, 0.00000000e+00,
        1.90165855e-01, 5.40667461e-01, 5.65996584e-01, 3.34610005e-01],
       [6.66693627e-02, 2.83247343e-02, 6.45179297e-02, 5.50684538e-02,
        6.22256098e-02, 2.89152014e-02, 1.91640093e-01, 9.55871020e-02,
        1.14197138e-01, 1.19447285e-01, 2.49822401e-01, 1.25032926e-01,
        6.79050184e-01, 7.10543642e-01, 1.29221826e-01, 2.59555508e-01,
        1.16732603e-01, 1.11093901e-01, 6.51852690e-01, 1.41379549e-01,
        6.41011906e-01, 6.50209335e-01, 6.19992625e-01, 1.90165855e-01,
        0.00000000e+00, 3.08767513e-01, 3.82147347e-01, 5.18207619e-03],
       [6.49663362e-02, 6.50424132e-02, 2.86073593e-02, 3.56253617e-02,
        7.90681210e-02, 6.71063999e-02, 9.79409047e-02, 1.56767529e-01,
        1.02190804e-01, 1.08861236e-01, 1.33410431e-01, 2.44917101e-01,
        1.18827408e-01, 6.88261703e-01, 6.71049871e-01, 1.20023466e-01,
        2.81237432e-01, 1.15642627e-01, 6.34790495e-01, 6.31045064e-01,
        1.22558283e-01, 1.93115544e-01, 5.54067487e-01, 5.40667461e-01,
        3.08767513e-01, 0.00000000e+00, 3.20645757e-01, 3.32260030e-01],
       [3.06703939e-02, 6.55277242e-02, 6.74600873e-02, 6.35490459e-02,
        2.90178955e-02, 7.30832587e-02, 1.10116542e-01, 1.03365148e-01,
        1.94964643e-01, 2.62109135e-01, 1.11232923e-01, 1.16937596e-01,
        6.94228854e-01, 1.46422444e-01, 6.94947917e-01, 1.11600259e-01,
        1.12494416e-01, 2.60647275e-01, 1.37769830e-01, 6.18267700e-01,
        6.26370145e-01, 6.23758436e-01, 1.42060621e-01, 5.65996584e-01,
        3.82147347e-01, 3.20645757e-01, 0.00000000e+00, 8.24954710e-02],
       [3.28863423e-03, 3.35271262e-03, 3.15807697e-03, 6.16377405e-03,
        2.24135545e-03, 1.32710355e-03, 5.98304954e-03, 1.33671362e-03,
        2.53102497e-03, 3.61885504e-03, 6.00996893e-03, 9.40060298e-04,
        5.85392563e-03, 3.12146233e-03, 7.03871442e-04, 5.67734114e-03,
        6.04217483e-03, 3.44270769e-03, 6.98284966e-03, 1.79553524e-02,
        2.38153459e-02, 3.93334779e-03, 1.00918459e-01, 3.34610005e-01,
        5.18207619e-03, 3.32260030e-01, 8.24954710e-02, 0.00000000e+00]])}
{'bond-orders': array([[0.00000000e+00, 3.86779632e-01, 3.86799845e-01, 7.07036626e-01,
        2.08125986e-01, 6.94888212e-01, 7.06985177e-01, 6.94975210e-01,
        2.08453852e-01, 2.48178541e-01, 8.38509498e-02, 8.26755475e-02,
        8.35386580e-02, 2.48974606e-01, 8.25070983e-02, 5.34859025e-01,
        5.34821300e-01, 9.86538105e-02, 2.06049075e-01, 1.04658839e-01,
        1.04603276e-01, 6.66883165e-02, 3.01966427e-02, 6.42062697e-02,
        6.66693627e-02, 6.49663362e-02, 3.06703939e-02, 3.28863423e-03],
       [3.86779632e-01, 0.00000000e+00, 3.83482023e-01, 7.03035290e-01,
        7.05899342e-01, 2.11481080e-01, 2.18914360e-01, 6.98016351e-01,
        7.05291436e-01, 8.35833164e-02, 2.38754343e-01, 8.38674417e-02,
        7.97277224e-02, 8.17238152e-02, 2.47874269e-01, 9.68290377e-02,
        5.38684555e-01, 5.37287783e-01, 1.03492083e-01, 2.11078105e-01,
        1.04430750e-01, 6.42474159e-02, 6.75014419e-02, 2.83448389e-02,
        2.83247343e-02, 6.50424132e-02, 6.55277242e-02, 3.35271262e-03],
       [3.86799845e-01, 3.83482023e-01, 0.00000000e+00, 2.18939673e-01,
        7.05270675e-01, 6.97957289e-01, 7.02416516e-01, 2.12026952e-01,
        7.05875505e-01, 8.16653112e-02, 7.99164402e-02, 2.47405026e-01,
        2.37814072e-01, 8.37873004e-02, 8.39070681e-02, 5.39068505e-01,
        9.69530842e-02, 5.37509781e-01, 1.03635538e-01, 1.04478333e-01,
        2.11053780e-01, 2.82988955e-02, 6.58250677e-02, 6.42275015e-02,
        6.45179297e-02, 2.86073593e-02, 6.74600873e-02, 3.15807697e-03],
       [7.07036626e-01, 7.03035290e-01, 2.18939673e-01, 0.00000000e+00,
        3.83675316e-01, 3.81639358e-01, 7.12249623e-01, 2.23620161e-01,
        7.07100727e-01, 5.39951231e-01, 5.44861099e-01, 8.75994710e-02,
        2.37740722e-01, 8.85464264e-02, 8.27525118e-02, 7.57859474e-02,
        2.48992878e-01, 8.09209550e-02, 6.60986091e-02, 6.59726009e-02,
        2.65321528e-02, 1.93012517e-01, 1.09406430e-01, 9.77035800e-02,
        5.50684538e-02, 3.56253617e-02, 6.35490459e-02, 6.16377405e-03],
       [2.08125986e-01, 7.05899342e-01, 7.05270675e-01, 3.83675316e-01,
        0.00000000e+00, 3.77860767e-01, 7.06930519e-01, 7.03580480e-01,
        2.01492909e-01, 9.57549223e-02, 5.35525040e-01, 5.46429373e-01,
        8.79834757e-02, 2.44928515e-01, 8.52301308e-02, 7.99976028e-02,
        8.41596294e-02, 2.47513680e-01, 2.73561417e-02, 6.64903026e-02,
        6.46089627e-02, 1.12885319e-01, 1.97772510e-01, 1.02821632e-01,
        6.22256098e-02, 7.90681210e-02, 2.90178955e-02, 2.24135545e-03],
       [6.94888212e-01, 2.11481080e-01, 6.97957289e-01, 3.81639358e-01,
        3.77860767e-01, 0.00000000e+00, 2.22778342e-01, 7.28415557e-01,
        7.03086872e-01, 5.35066084e-01, 8.11360775e-02, 5.46384858e-01,
        9.67908562e-02, 7.96231872e-02, 2.37359719e-01, 2.39154168e-01,
        8.12614156e-02, 8.89100891e-02, 6.66281652e-02, 2.81716247e-02,
        7.03188924e-02, 9.52740371e-02, 1.03949511e-01, 1.58551719e-01,
        2.89152014e-02, 6.71063999e-02, 7.30832587e-02, 1.32710355e-03],
       [7.06985177e-01, 2.18914360e-01, 7.02416516e-01, 7.12249623e-01,
        7.06930519e-01, 2.22778342e-01, 0.00000000e+00, 3.81777999e-01,
        3.83841440e-01, 8.83452682e-02, 2.37697063e-01, 8.27094033e-02,
        5.44776496e-01, 5.41647004e-01, 8.81082427e-02, 2.48909789e-01,
        7.55635957e-02, 8.14579327e-02, 6.59916319e-02, 2.64070160e-02,
        6.65382124e-02, 5.51460411e-02, 6.51284090e-02, 3.36862880e-02,
        1.91640093e-01, 9.79409047e-02, 1.10116542e-01, 5.98304954e-03],
       [6.94975210e-01, 6.98016351e-01, 2.12026952e-01, 2.23620161e-01,
        7.03580480e-01, 7.28415557e-01, 3.81777999e-01, 0.00000000e+00,
        3.77488389e-01, 7.98211994e-02, 9.67003683e-02, 2.36840137e-01,
        8.13233784e-02, 5.34927365e-01, 5.46366370e-01, 8.14965542e-02,
        2.38612612e-01, 8.86778162e-02, 6.68207298e-02, 7.04884526e-02,
        2.85468989e-02, 2.96203981e-02, 7.19453005e-02, 6.61324194e-02,
        9.55871020e-02, 1.56767529e-01, 1.03365148e-01, 1.33671362e-03],
       [2.08453852e-01, 7.05291436e-01, 7.05875505e-01, 7.07100727e-01,
        2.01492909e-01, 7.03086872e-01, 3.83841440e-01, 3.77488389e-01,
        0.00000000e+00, 2.44447697e-01, 8.87496722e-02, 8.56843212e-02,
        5.35215104e-01, 9.44950058e-02, 5.46798451e-01, 8.43517270e-02,
        7.93241094e-02, 2.47822959e-01, 2.74015330e-02, 6.43787414e-02,
        6.68765160e-02, 6.21605970e-02, 2.90963895e-02, 7.97199081e-02,
        1.14197138e-01, 1.02190804e-01, 1.94964643e-01, 2.53102497e-03],
       [2.48178541e-01, 8.35833164e-02, 8.16653112e-02, 5.39951231e-01,
        9.57549223e-02, 5.35066084e-01, 8.83452682e-02, 7.98211994e-02,
        2.44447697e-01, 0.00000000e+00, 2.29398854e-01, 2.32773064e-01,
        3.18791655e-01, 6.46426320e-02, 3.12239859e-01, 3.19625420e-01,
        3.08390563e-01, 6.29455597e-02, 2.55140214e-01, 1.12009807e-01,
        1.06550109e-01, 7.10142033e-01, 1.47705698e-01, 6.91417133e-01,
        1.19447285e-01, 1.08861236e-01, 2.62109135e-01, 3.61885504e-03],
       [8.38509498e-02, 2.38754343e-01, 7.99164402e-02, 5.44861099e-01,
        5.35525040e-01, 8.11360775e-02, 2.37697063e-01, 9.67003683e-02,
        8.87496722e-02, 2.29398854e-01, 0.00000000e+00, 2.16582926e-01,
        3.11425137e-01, 3.19085845e-01, 9.07935983e-02, 6.38130401e-02,
        2.96047384e-01, 3.03077671e-01, 1.11608496e-01, 2.53417988e-01,
        1.14190977e-01, 6.78841636e-01, 6.98719815e-01, 1.17050787e-01,
        2.49822401e-01, 1.33410431e-01, 1.11232923e-01, 6.00996893e-03],
       [8.26755475e-02, 8.38674417e-02, 2.47405026e-01, 8.75994710e-02,
        5.46429373e-01, 5.46384858e-01, 8.27094033e-02, 2.36840137e-01,
        8.56843212e-02, 2.32773064e-01, 2.16582926e-01, 0.00000000e+00,
        9.26526830e-02, 3.12292651e-01, 3.11372932e-01, 3.18995957e-01,
        6.89613098e-02, 3.15944854e-01, 1.09750441e-01, 1.18536866e-01,
        2.64637361e-01, 1.27669869e-01, 6.91580248e-01, 6.71823617e-01,
        1.25032926e-01, 2.44917101e-01, 1.16937596e-01, 9.40060298e-04],
       [8.35386580e-02, 7.97277224e-02, 2.37814072e-01, 2.37740722e-01,
        8.79834757e-02, 9.67908562e-02, 5.44776496e-01, 8.13233784e-02,
        5.35215104e-01, 3.18791655e-01, 3.11425137e-01, 9.26526830e-02,
        0.00000000e+00, 2.27033930e-01, 2.16221811e-01, 2.95271990e-01,
        6.40675100e-02, 3.02037638e-01, 1.12010028e-01, 1.14669355e-01,
        2.54664096e-01, 2.50413847e-01, 1.10208227e-01, 1.33091357e-01,
        6.79050184e-01, 1.18827408e-01, 6.94228854e-01, 5.85392563e-03],
       [2.48974606e-01, 8.17238152e-02, 8.37873004e-02, 8.85464264e-02,
        2.44928515e-01, 7.96231872e-02, 5.41647004e-01, 5.34927365e-01,
        9.44950058e-02, 6.46426320e-02, 3.19085845e-01, 3.12292651e-01,
        2.27033930e-01, 0.00000000e+00, 2.34297939e-01, 3.09065275e-01,
        3.19617915e-01, 6.35757645e-02, 2.55703294e-01, 1.06003426e-01,
        1.11504213e-01, 1.19968212e-01, 2.63038871e-01, 1.08633027e-01,
        7.10543642e-01, 6.88261703e-01, 1.46422444e-01, 3.12146233e-03],
       [8.25070983e-02, 2.47874269e-01, 8.39070681e-02, 8.27525118e-02,
        8.52301308e-02, 2.37359719e-01, 8.81082427e-02, 5.46366370e-01,
        5.46798451e-01, 3.12239859e-01, 9.07935983e-02, 3.11372932e-01,
        2.16221811e-01, 2.34297939e-01, 0.00000000e+00, 6.89859170e-02,
        3.18610486e-01, 3.15956893e-01, 1.08975591e-01, 2.64006568e-01,
        1.19048664e-01, 1.25909647e-01, 1.16144604e-01, 2.45451382e-01,
        1.29221826e-01, 6.71049871e-01, 6.94947917e-01, 7.03871442e-04],
       [5.34859025e-01, 9.68290377e-02, 5.39068505e-01, 7.57859474e-02,
        7.99976028e-02, 2.39154168e-01, 2.48909789e-01, 8.14965542e-02,
        8.43517270e-02, 3.19625420e-01, 6.38130401e-02, 3.18995957e-01,
        2.95271990e-01, 3.09065275e-01, 6.89859170e-02, 0.00000000e+00,
        2.20641705e-01, 2.25630250e-01, 6.89461869e-01, 1.58155763e-01,
        6.93791016e-01, 1.16902133e-01, 1.12013080e-01, 2.78326199e-01,
        2.59555508e-01, 1.20023466e-01, 1.11600259e-01, 5.67734114e-03],
       [5.34821300e-01, 5.38684555e-01, 9.69530842e-02, 2.48992878e-01,
        8.41596294e-02, 8.12614156e-02, 7.55635957e-02, 2.38612612e-01,
        7.93241094e-02, 3.08390563e-01, 2.96047384e-01, 6.89613098e-02,
        6.40675100e-02, 3.19617915e-01, 3.18610486e-01, 2.20641705e-01,
        0.00000000e+00, 2.25301081e-01, 6.88797200e-01, 6.93933910e-01,
        1.59206934e-01, 2.59412884e-01, 1.11855193e-01, 1.19147805e-01,
        1.16732603e-01, 2.81237432e-01, 1.12494416e-01, 6.04217483e-03],
       [9.86538105e-02, 5.37287783e-01, 5.37509781e-01, 8.09209550e-02,
        2.47513680e-01, 8.89100891e-02, 8.14579327e-02, 8.86778162e-02,
        2.47822959e-01, 6.29455597e-02, 3.03077671e-01, 3.15944854e-01,
        3.02037638e-01, 6.35757645e-02, 3.15956893e-01, 2.25630250e-01,
        2.25301081e-01, 0.00000000e+00, 1.52600114e-01, 6.96481990e-01,
        6.95946930e-01, 1.11417764e-01, 2.62184418e-01, 1.15772854e-01,
        1.11093901e-01, 1.15642627e-01, 2.60647275e-01, 3.44270769e-03],
       [2.06049075e-01, 1.03492083e-01, 1.03635538e-01, 6.60986091e-02,
        2.73561417e-02, 6.66281652e-02, 6.59916319e-02, 6.68207298e-02,
        2.74015330e-02, 2.55140214e-01, 1.11608496e-01, 1.09750441e-01,
        1.12010028e-01, 2.55703294e-01, 1.08975591e-01, 6.89461869e-01,
        6.88797200e-01, 1.52600114e-01, 0.00000000e+00, 3.67276244e-01,
        3.66971041e-01, 6.52711617e-01, 1.37860166e-01, 6.35666243e-01,
        6.51852690e-01, 6.34790495e-01, 1.37769830e-01, 6.98284966e-03],
       [1.04658839e-01, 2.11078105e-01, 1.04478333e-01, 6.59726009e-02,
        6.64903026e-02, 2.81716247e-02, 2.64070160e-02, 7.04884526e-02,
        6.43787414e-02, 1.12009807e-01, 2.53417988e-01, 1.18536866e-01,
        1.14669355e-01, 1.06003426e-01, 2.64006568e-01, 1.58155763e-01,
        6.93933910e-01, 6.96481990e-01, 3.67276244e-01, 0.00000000e+00,
        3.67531337e-01, 6.43657441e-01, 6.25433820e-01, 1.26158110e-01,
        1.41379549e-01, 6.31045064e-01, 6.18267700e-01, 1.79553524e-02],
       [1.04603276e-01, 1.04430750e-01, 2.11053780e-01, 2.65321528e-02,
        6.46089627e-02, 7.03188924e-02, 6.65382124e-02, 2.85468989e-02,
        6.68765160e-02, 1.06550109e-01, 1.14190977e-01, 2.64637361e-01,
        2.54664096e-01, 1.11504213e-01, 1.19048664e-01, 6.93791016e-01,
        1.59206934e-01, 6.95946930e-01, 3.66971041e-01, 3.67531337e-01,
        0.00000000e+00, 1.40972650e-01, 6.12555349e-01, 6.29029291e-01,
        6.41011906e-01, 1.22558283e-01, 6.26370145e-01, 2.38153459e-02],
       [6.66883165e-02, 6.42474159e-02, 2.82988955e-02, 1.93012517e-01,
        1.12885319e-01, 9.52740371e-02, 5.51460411e-02, 2.96203981e-02,
        6.21605970e-02, 7.10142033e-01, 6.78841636e-01, 1.27669869e-01,
        2.50413847e-01, 1.19968212e-01, 1.25909647e-01, 1.16902133e-01,
        2.59412884e-01, 1.11417764e-01, 6.52711617e-01, 6.43657441e-01,
        1.40972650e-01, 0.00000000e+00, 3.75731795e-01, 3.07581132e-01,
        6.50209335e-01, 1.93115544e-01, 6.23758436e-01, 3.93334779e-03],
       [3.01966427e-02, 6.75014419e-02, 6.58250677e-02, 1.09406430e-01,
        1.97772510e-01, 1.03949511e-01, 6.51284090e-02, 7.19453005e-02,
        2.90963895e-02, 1.47705698e-01, 6.98719815e-01, 6.91580248e-01,
        1.10208227e-01, 2.63038871e-01, 1.16144604e-01, 1.12013080e-01,
        1.11855193e-01, 2.62184418e-01, 1.37860166e-01, 6.25433820e-01,
        6.12555349e-01, 3.75731795e-01, 0.00000000e+00, 3.22746504e-01,
        6.19992625e-01, 5.54067487e-01, 1.42060621e-01, 1.00918459e-01],
       [6.42062697e-02, 2.83448389e-02, 6.42275015e-02, 9.77035800e-02,
        1.02821632e-01, 1.58551719e-01, 3.36862880e-02, 6.61324194e-02,
        7.97199081e-02, 6.91417133e-01, 1.17050787e-01, 6.71823617e-01,
        1.33091357e-01, 1.08633027e-01, 2.45451382e-01, 2.78326199e-01,
        1.19147805e-01, 1.15772854e-01, 6.35666243e-01, 1.26158110e-01,
        6.29029291e-01, 3.07581132e-01, 3.22746504e-01, 0.00000000e+00,
        1.90165855e-01, 5.40667461e-01, 5.65996584e-01, 3.34610005e-01],
       [6.66693627e-02, 2.83247343e-02, 6.45179297e-02, 5.50684538e-02,
        6.22256098e-02, 2.89152014e-02, 1.91640093e-01, 9.55871020e-02,
        1.14197138e-01, 1.19447285e-01, 2.49822401e-01, 1.25032926e-01,
        6.79050184e-01, 7.10543642e-01, 1.29221826e-01, 2.59555508e-01,
        1.16732603e-01, 1.11093901e-01, 6.51852690e-01, 1.41379549e-01,
        6.41011906e-01, 6.50209335e-01, 6.19992625e-01, 1.90165855e-01,
        0.00000000e+00, 3.08767513e-01, 3.82147347e-01, 5.18207619e-03],
       [6.49663362e-02, 6.50424132e-02, 2.86073593e-02, 3.56253617e-02,
        7.90681210e-02, 6.71063999e-02, 9.79409047e-02, 1.56767529e-01,
        1.02190804e-01, 1.08861236e-01, 1.33410431e-01, 2.44917101e-01,
        1.18827408e-01, 6.88261703e-01, 6.71049871e-01, 1.20023466e-01,
        2.81237432e-01, 1.15642627e-01, 6.34790495e-01, 6.31045064e-01,
        1.22558283e-01, 1.93115544e-01, 5.54067487e-01, 5.40667461e-01,
        3.08767513e-01, 0.00000000e+00, 3.20645757e-01, 3.32260030e-01],
       [3.06703939e-02, 6.55277242e-02, 6.74600873e-02, 6.35490459e-02,
        2.90178955e-02, 7.30832587e-02, 1.10116542e-01, 1.03365148e-01,
        1.94964643e-01, 2.62109135e-01, 1.11232923e-01, 1.16937596e-01,
        6.94228854e-01, 1.46422444e-01, 6.94947917e-01, 1.11600259e-01,
        1.12494416e-01, 2.60647275e-01, 1.37769830e-01, 6.18267700e-01,
        6.26370145e-01, 6.23758436e-01, 1.42060621e-01, 5.65996584e-01,
        3.82147347e-01, 3.20645757e-01, 0.00000000e+00, 8.24954710e-02],
       [3.28863423e-03, 3.35271262e-03, 3.15807697e-03, 6.16377405e-03,
        2.24135545e-03, 1.32710355e-03, 5.98304954e-03, 1.33671362e-03,
        2.53102497e-03, 3.61885504e-03, 6.00996893e-03, 9.40060298e-04,
        5.85392563e-03, 3.12146233e-03, 7.03871442e-04, 5.67734114e-03,
        6.04217483e-03, 3.44270769e-03, 6.98284966e-03, 1.79553524e-02,
        2.38153459e-02, 3.93334779e-03, 1.00918459e-01, 3.34610005e-01,
        5.18207619e-03, 3.32260030e-01, 8.24954710e-02, 0.00000000e+00]]), 'molecular-dipole': array([0.0592344 , 0.20513344, 1.39385885])}
{'bond-orders': array([[0.00000000e+00, 3.86779632e-01, 3.86799845e-01, 7.07036626e-01,
        2.08125986e-01, 6.94888212e-01, 7.06985177e-01, 6.94975210e-01,
        2.08453852e-01, 2.48178541e-01, 8.38509498e-02, 8.26755475e-02,
        8.35386580e-02, 2.48974606e-01, 8.25070983e-02, 5.34859025e-01,
        5.34821300e-01, 9.86538105e-02, 2.06049075e-01, 1.04658839e-01,
        1.04603276e-01, 6.66883165e-02, 3.01966427e-02, 6.42062697e-02,
        6.66693627e-02, 6.49663362e-02, 3.06703939e-02, 3.28863423e-03],
       [3.86779632e-01, 0.00000000e+00, 3.83482023e-01, 7.03035290e-01,
        7.05899342e-01, 2.11481080e-01, 2.18914360e-01, 6.98016351e-01,
        7.05291436e-01, 8.35833164e-02, 2.38754343e-01, 8.38674417e-02,
        7.97277224e-02, 8.17238152e-02, 2.47874269e-01, 9.68290377e-02,
        5.38684555e-01, 5.37287783e-01, 1.03492083e-01, 2.11078105e-01,
        1.04430750e-01, 6.42474159e-02, 6.75014419e-02, 2.83448389e-02,
        2.83247343e-02, 6.50424132e-02, 6.55277242e-02, 3.35271262e-03],
       [3.86799845e-01, 3.83482023e-01, 0.00000000e+00, 2.18939673e-01,
        7.05270675e-01, 6.97957289e-01, 7.02416516e-01, 2.12026952e-01,
        7.05875505e-01, 8.16653112e-02, 7.99164402e-02, 2.47405026e-01,
        2.37814072e-01, 8.37873004e-02, 8.39070681e-02, 5.39068505e-01,
        9.69530842e-02, 5.37509781e-01, 1.03635538e-01, 1.04478333e-01,
        2.11053780e-01, 2.82988955e-02, 6.58250677e-02, 6.42275015e-02,
        6.45179297e-02, 2.86073593e-02, 6.74600873e-02, 3.15807697e-03],
       [7.07036626e-01, 7.03035290e-01, 2.18939673e-01, 0.00000000e+00,
        3.83675316e-01, 3.81639358e-01, 7.12249623e-01, 2.23620161e-01,
        7.07100727e-01, 5.39951231e-01, 5.44861099e-01, 8.75994710e-02,
        2.37740722e-01, 8.85464264e-02, 8.27525118e-02, 7.57859474e-02,
        2.48992878e-01, 8.09209550e-02, 6.60986091e-02, 6.59726009e-02,
        2.65321528e-02, 1.93012517e-01, 1.09406430e-01, 9.77035800e-02,
        5.50684538e-02, 3.56253617e-02, 6.35490459e-02, 6.16377405e-03],
       [2.08125986e-01, 7.05899342e-01, 7.05270675e-01, 3.83675316e-01,
        0.00000000e+00, 3.77860767e-01, 7.06930519e-01, 7.03580480e-01,
        2.01492909e-01, 9.57549223e-02, 5.35525040e-01, 5.46429373e-01,
        8.79834757e-02, 2.44928515e-01, 8.52301308e-02, 7.99976028e-02,
        8.41596294e-02, 2.47513680e-01, 2.73561417e-02, 6.64903026e-02,
        6.46089627e-02, 1.12885319e-01, 1.97772510e-01, 1.02821632e-01,
        6.22256098e-02, 7.90681210e-02, 2.90178955e-02, 2.24135545e-03],
       [6.94888212e-01, 2.11481080e-01, 6.97957289e-01, 3.81639358e-01,
        3.77860767e-01, 0.00000000e+00, 2.22778342e-01, 7.28415557e-01,
        7.03086872e-01, 5.35066084e-01, 8.11360775e-02, 5.46384858e-01,
        9.67908562e-02, 7.96231872e-02, 2.37359719e-01, 2.39154168e-01,
        8.12614156e-02, 8.89100891e-02, 6.66281652e-02, 2.81716247e-02,
        7.03188924e-02, 9.52740371e-02, 1.03949511e-01, 1.58551719e-01,
        2.89152014e-02, 6.71063999e-02, 7.30832587e-02, 1.32710355e-03],
       [7.06985177e-01, 2.18914360e-01, 7.02416516e-01, 7.12249623e-01,
        7.06930519e-01, 2.22778342e-01, 0.00000000e+00, 3.81777999e-01,
        3.83841440e-01, 8.83452682e-02, 2.37697063e-01, 8.27094033e-02,
        5.44776496e-01, 5.41647004e-01, 8.81082427e-02, 2.48909789e-01,
        7.55635957e-02, 8.14579327e-02, 6.59916319e-02, 2.64070160e-02,
        6.65382124e-02, 5.51460411e-02, 6.51284090e-02, 3.36862880e-02,
        1.91640093e-01, 9.79409047e-02, 1.10116542e-01, 5.98304954e-03],
       [6.94975210e-01, 6.98016351e-01, 2.12026952e-01, 2.23620161e-01,
        7.03580480e-01, 7.28415557e-01, 3.81777999e-01, 0.00000000e+00,
        3.77488389e-01, 7.98211994e-02, 9.67003683e-02, 2.36840137e-01,
        8.13233784e-02, 5.34927365e-01, 5.46366370e-01, 8.14965542e-02,
