{"hessian": [[5.0238455885419935, -0.07981989764212057, -0.09570288742096417, -0.7704632010688344, 0.05472593078797034, -0.01900688011980601], [-0.07981989764212057, -1.0023574229431123, -3.292085482015781, -0.029278437249143082, 4.533523360168966, -4.217464076309994], [-0.09570288742096417, -3.292085482015781, 7.049142115234311, 0.0013948234649976245, 4.632330854657184, -1.1728601290837866], [-0.7704632010688344, -0.029278437249143082, 0.0013948234649976245, -0.5082428174071892, 0.0009705914433854365, 0.3233226502896044], [0.05472593078797034, 4.533523360168966, 4.632330854657184, 0.0009705914433854365, -7.116196485680648, 3.03728915873235], [-0.01900688011980601, -4.217464076309994, -1.1728601290837866, 0.3233226502896044, 3.03728915873235, 22.816882194873287]], "frequencies": ["498.669473544636j", "117.91571043787442j", "(144.85988449337322+0j)", "(296.1330656249172+0j)", "(390.18716531988207+0j)", "(730.5997784225513+0j)"]}