{"hessian": [[5.904422710250799, -1.0265129371433934, 0.4139411812091258, -1.1698005163218563, 0.0007327644009664834, -0.0872760968098496], [-1.0265129371433934, 7.041891604319486, 0.2341825036878224, 4.499430532249431e-05, -1.1698390828692755, -0.04456364554298777], [0.4139411812091258, 0.2341825036878224, 44.78973549947544, -0.08131756523356964, -0.04373446477347324, -30.450268936962395], [-1.1698005163218563, 4.499430532249431e-05, -0.08131756523356964, 1.5365812377950954, -0.03143816390462329, 0.07377780521309879], [0.0007327644009664834, -1.1698390828692755, -0.04373446477347324, -0.03143816390462329, 1.571432541146326, 0.03984567124202811], [-0.0872760968098496, -0.04456364554298777, -30.450268936962395, 0.07377780521309879, 0.03984567124202811, 31.21830887330172]], "frequencies": ["(305.41864672865563+0j)", "(379.1990581111805+0j)", "(561.8229921889531+0j)", "(660.2715361514558+0j)", "(676.9475847468245+0j)", "(3020.0270286482073+0j)"]}