Python path: /home/lekia.p/miniforge3/envs/pynta_env/bin/python
Conda environment: pynta_fairchem
ASE version: 3.22.1
2025-07-12 13:53:26,965 INFO Hostname/IP lookup (this will take a few seconds)
2025-07-12 13:53:26,965 INFO Launching Rocket
✅ Patched scipy.linalg.lapack.dsyevr
2025-07-12 13:53:33,937 INFO RUNNING fw_id: 8 in directory: /projects/westgroup/lekia.p/pynta/Fe/block_2025-07-12-17-50-43-929229/launcher_2025-07-12-17-53-08-662086
2025-07-12 13:53:33,995 INFO Task started: {{pynta.tasks.MolecularAdsorbateEstimate}}.
initial geometries
4
------------------------------------------------------------
  cycle        total energy    energy error   density error
------------------------------------------------------------
      1     -80.29635484973  -8.0381843E+01   1.2346621E+00
      2      779.1364455037   8.5943280E+02   2.9145165E+00
      3      826.3048063590   4.7168361E+01   2.8891900E+00
      4      412.5182169226  -4.1378659E+02   2.8642059E+00
      5      409.5604692520  -2.9577477E+00   2.5299098E+00
      6      518.5050728898   1.0894460E+02   2.4933753E+00
      7      507.7863035084  -1.0718769E+01   2.4203815E+00
      8      486.2306148426  -2.1555689E+01   2.3787828E+00
      9      436.6202804584  -4.9610334E+01   2.2733708E+00
     10      172.9189589137  -2.6370132E+02   2.2484043E+00
     11      195.5294003649   2.2610441E+01   2.4417499E+00
     12      271.2330626771   7.5703662E+01   2.2408250E+00
     13      387.6740023101   1.1644094E+02   2.4165715E+00
     14      412.4473478036   2.4773345E+01   2.3834154E+00
     15      437.9364910925   2.5489143E+01   2.4706054E+00
     16      440.5870070716   2.6505160E+00   2.4191149E+00
     17      436.7694190925  -3.8175880E+00   2.3991069E+00
     18      433.6387133735  -3.1307057E+00   2.3881490E+00
     19      428.0804581904  -5.5582552E+00   2.3795621E+00
     20      443.5040085310   1.5423550E+01   2.4122365E+00
     21      460.3831113487   1.6879103E+01   2.4686024E+00
     22      474.1348090437   1.3751698E+01   2.4993681E+00
     23      484.2408412055   1.0106032E+01   2.5182690E+00
     24      492.0820464523   7.8412052E+00   2.5184041E+00
     25      482.8152559000  -9.2667906E+00   2.4985806E+00
     26      490.4066073895   7.5913515E+00   2.5208939E+00
     27      523.9767578501   3.3570150E+01   2.5860237E+00
     28      549.5481800675   2.5571422E+01   2.6391706E+00
     29      560.2320381362   1.0683858E+01   2.6575076E+00
     30      553.5221884547  -6.7098497E+00   2.6520706E+00
     31      565.1148188638   1.1592630E+01   2.6834553E+00
     32      578.5562341505   1.3441415E+01   2.7101451E+00
     33      581.0040594895   2.4478253E+00   2.7149869E+00
     34      599.0577894533   1.8053730E+01   2.7579938E+00
     35      635.2291368837   3.6171347E+01   2.8397582E+00
     36      668.1996537575   3.2970517E+01   2.9277527E+00
     37      311.6032745655  -3.5659638E+02   2.3761158E+00
     38      174.0449258547  -1.3755835E+02   2.2514723E+00
     39      157.4587267950  -1.6586199E+01   2.3279867E+00
     40      533.6719319987   3.7621321E+02   2.7725197E+00
     41      614.9002419676   8.1228310E+01   2.9219154E+00
     42      600.2825521418  -1.4617690E+01   2.9208479E+00
     43      654.1880957485   5.3905544E+01   2.9617002E+00
     44      607.9733553222  -4.6214740E+01   2.9161336E+00
     45      523.0325753602  -8.4940780E+01   2.7636875E+00
     46      348.6959196137  -1.7433666E+02   2.4269184E+00
     47      221.2663567208  -1.2742956E+02   2.1023605E+00
     48      180.7229196929  -4.0543437E+01   1.8723369E+00
     49      156.3909626050  -2.4331957E+01   2.4113313E+00
     50      126.5389486431  -2.9852014E+01   2.2743715E+00
     51      48.32417438512  -7.8214774E+01   1.7854125E+00
     52      53.42856429428   5.1043899E+00   1.8321586E+00
     53      99.31787790413   4.5889314E+01   2.1154682E+00
     54      98.28993985747  -1.0279380E+00   2.1140272E+00
     55      99.01658530855   7.2664545E-01   2.1165031E+00
     56      196.5555080838   9.7538923E+01   1.9606488E+00
     57      75.00668717039  -1.2154882E+02   1.6934253E+00
     58      86.82962080112   1.1822934E+01   2.0019786E+00
     59      114.5872364091   2.7757616E+01   2.1217368E+00
     60      98.68243120498  -1.5904805E+01   1.9312582E+00
     61      98.42504905605  -2.5738215E-01   1.9360697E+00
     62      158.1773847311   5.9752336E+01   2.0900199E+00
     63      180.9163705038   2.2738986E+01   2.1473457E+00
     64      168.8857323841  -1.2030638E+01   2.1118772E+00
     65      404.0521535810   2.3516642E+02   2.5947492E+00
     66      361.7604112851  -4.2291742E+01   2.5789279E+00
     67      91.08742911176  -2.7067298E+02   2.0318809E+00
     68      75.32432257833  -1.5763107E+01   2.0374242E+00
     69      145.7904003182   7.0466078E+01   2.1413277E+00
     70      393.5515628851   2.4776116E+02   2.5269592E+00
     71      448.9857074082   5.5434145E+01   2.7292850E+00
     72      427.0362553071  -2.1949452E+01   2.6908133E+00
     73      116.2872635149  -3.1074899E+02   2.1590842E+00
     74      107.4870171312  -8.8002464E+00   1.9756600E+00
     75      141.3080614013   3.3821044E+01   1.8498246E+00
     76      119.7086146632  -2.1599447E+01   2.0441967E+00
     77      332.8339467440   2.1312533E+02   2.4014623E+00
     78      61.37818014516  -2.7145577E+02   1.8728170E+00
     79      407.7664097708   3.4638823E+02   2.5687289E+00
     80      336.8030590834  -7.0963351E+01   2.3708971E+00
     81      439.9511941519   1.0314814E+02   2.6122224E+00
     82      189.7736577482  -2.5017754E+02   2.1557961E+00
     83      316.5364360364   1.2676278E+02   2.2296377E+00
     84      529.2818601261   2.1274542E+02   2.7040263E+00
     85      154.6955671202  -3.7458629E+02   2.2469655E+00
     86      458.5095035471   3.0381394E+02   2.5834643E+00
     87      182.7390217121  -2.7577048E+02   2.3052793E+00
     88      457.9882339966   2.7524921E+02   2.5975455E+00
     89      98.01896859602  -3.5996927E+02   1.9752370E+00
     90      144.5725137986   4.6553545E+01   2.1307951E+00
     91      145.0620339287   4.8952013E-01   2.0930092E+00
     92      143.5448491957  -1.5171847E+00   1.9487461E+00
     93      333.8398537771   1.9029500E+02   2.3183791E+00
     94      272.2455918627  -6.1594262E+01   2.2770819E+00
     95      189.3912235068  -8.2854368E+01   1.9786070E+00
     96      70.08957183549  -1.1930165E+02   1.9291708E+00
     97      267.5436063912   1.9745403E+02   2.1875387E+00
     98      111.6494449952  -1.5589416E+02   2.1791166E+00
     99      237.5178372518   1.2586839E+02   2.3619393E+00
    100      294.1430402073   5.6625203E+01   2.3693825E+00
    101      105.3902216558  -1.8875282E+02   2.2058899E+00
    102      422.1278894906   3.1673767E+02   2.5080353E+00
    103      348.2337769402  -7.3894113E+01   2.5135236E+00
    104      395.0028827463   4.6769106E+01   2.4733552E+00
    105      477.3658338981   8.2362951E+01   2.6549417E+00
    106      140.4948440206  -3.3687099E+02   2.4327441E+00
    107      251.3006130706   1.1080577E+02   2.3983829E+00
    108      116.5499571815  -1.3475066E+02   2.2588364E+00
    109      66.75586046856  -4.9794097E+01   2.0512194E+00
    110      72.41190422293   5.6560438E+00   2.0066596E+00
    111      103.6863137773   3.1274410E+01   2.1224778E+00
    112      104.9119674670   1.2256537E+00   2.0746164E+00
    113      141.6740526604   3.6762085E+01   2.1643364E+00
    114      132.2956607715  -9.3783919E+00   2.2331309E+00
    115      392.9091932259   2.6061353E+02   2.6227708E+00
    116      126.0021536852  -2.6690704E+02   2.2843717E+00
    117      159.3095845496   3.3307431E+01   2.3224543E+00
    118      155.0625375876  -4.2470470E+00   2.2887807E+00
    119      276.0981253195   1.2103559E+02   2.4956350E+00
    120      342.7568125923   6.6658687E+01   2.6214576E+00
    121      351.9451751380   9.1883625E+00   2.6254750E+00
    122      353.6174083019   1.6722332E+00   2.6269656E+00
    123      163.3030211759  -1.9031439E+02   2.2811292E+00
    124      77.13898405085  -8.6164037E+01   2.1024298E+00
    125      316.9073398754   2.3976836E+02   2.5357817E+00
    126      80.64831717263  -2.3625902E+02   2.0951398E+00
    127      416.6654387680   3.3601712E+02   2.7155801E+00
    128      349.6677022006  -6.6997737E+01   2.6197169E+00
    129      374.5307397867   2.4863038E+01   2.6466701E+00
    130      363.5297085320  -1.1001031E+01   2.6356638E+00
    131      333.7997619308  -2.9729947E+01   2.5992526E+00
    132      308.8821113263  -2.4917651E+01   2.5553166E+00
    133      301.1758811740  -7.7062302E+00   2.5424125E+00
    134      314.0196219764   1.2843741E+01   2.5644098E+00
    135      332.4753588027   1.8455737E+01   2.5905614E+00
    136      354.2185718200   2.1743213E+01   2.6055539E+00
    137      352.0160745172  -2.2024973E+00   2.6046720E+00
    138      348.7882244009  -3.2278501E+00   2.5999160E+00
    139      348.1772142916  -6.1101011E-01   2.5987755E+00
    140      354.3495292353   6.1723149E+00   2.5962615E+00
    141      345.9578812205  -8.3916480E+00   2.5734072E+00
    142      395.5213016197   4.9563420E+01   2.6028355E+00
    143      393.7158065912  -1.8054950E+00   2.5828786E+00
    144      400.6714941983   6.9556876E+00   2.5898416E+00
    145      403.8007609112   3.1292667E+00   2.5948730E+00
    146      401.4421275511  -2.3586334E+00   2.5901592E+00
    147      383.5905870500  -1.7851541E+01   2.5596767E+00
    148      382.0633835640  -1.5272035E+00   2.5592046E+00
    149      398.4488657898   1.6385482E+01   2.5788596E+00
    150      378.5880001810  -1.9860866E+01   2.5470261E+00
    151      386.4689907568   7.8809906E+00   2.5610234E+00
    152      375.6984028348  -1.0770588E+01   2.5422403E+00
    153      379.3891667022   3.6907639E+00   2.5496281E+00
    154      364.8107255132  -1.4578441E+01   2.5254524E+00
    155      233.8342456700  -1.3097648E+02   2.4016109E+00
    156      310.9005570251   7.7066311E+01   2.4722499E+00
    157      443.0780025567   1.3217745E+02   2.6660022E+00
    158      345.9475486671  -9.7130454E+01   2.5700017E+00
    159      448.4101500040   1.0246260E+02   2.6968309E+00
    160      419.1355050820  -2.9274645E+01   2.6423381E+00
    161      355.0119182529  -6.4123587E+01   2.5716384E+00
    162      310.3389205099  -4.4672998E+01   2.4868149E+00
    163      328.0200924765   1.7681172E+01   2.4868086E+00
    164      216.3118241220  -1.1170827E+02   2.4136478E+00
    165      398.2402826286   1.8192846E+02   2.6338896E+00
    166      314.4750162989  -8.3765266E+01   2.5023979E+00
    167      321.7887923636   7.3137761E+00   2.5009659E+00
    168      311.3799355975  -1.0408857E+01   2.4680111E+00
    169      240.0779193356  -7.1302016E+01   2.3740238E+00
    170      234.5012657357  -5.5766536E+00   2.3305842E+00
    171      238.3812540910   3.8799884E+00   2.3305648E+00
    172      200.6509182945  -3.7730336E+01   2.2624681E+00
    173      223.7572104875   2.3106292E+01   2.2995293E+00
    174      191.0934319950  -3.2663778E+01   2.2254929E+00
    175      261.0126526164   6.9919221E+01   2.3223857E+00
    176      142.4742464192  -1.1853841E+02   2.3250728E+00
    177      188.5734749414   4.6099229E+01   2.3799776E+00
    178      174.4538396952  -1.4119635E+01   2.4755311E+00
    179      481.9596161445   3.0750578E+02   2.7291668E+00
    180      183.5436012831  -2.9841601E+02   2.3127206E+00
    181      116.4002870437  -6.7143314E+01   2.3221378E+00
    182      128.6403965628   1.2240110E+01   2.3681581E+00
    183      163.1158535567   3.4475457E+01   2.2999612E+00
    184      152.6292094872  -1.0486644E+01   2.4093889E+00
    185      113.9834030126  -3.8645806E+01   2.2691596E+00
    186      94.08200195001  -1.9901401E+01   2.1717127E+00
    187      163.2157752833   6.9133773E+01   2.3059650E+00
    188      170.5825910957   7.3668158E+00   2.4889207E+00
    189      353.9909489039   1.8340836E+02   2.5054375E+00
    190      134.8733017736  -2.1911765E+02   2.3337427E+00
    191      140.4984329187   5.6251311E+00   2.2884658E+00
    192      171.7513947758   3.1252962E+01   2.4240738E+00
    193      272.9277149953   1.0117632E+02   2.4061286E+00
    194      184.6809746016  -8.8246740E+01   2.3843252E+00
    195      180.5191769833  -4.1617976E+00   2.3958989E+00
    196      216.7806799922   3.6261503E+01   2.3770195E+00
    197      203.7783321495  -1.3002348E+01   2.4041608E+00
    198      202.3250058821  -1.4533263E+00   2.4166646E+00
    199      203.1245516862   7.9954580E-01   2.4182659E+00
    200      207.2141913972   4.0896397E+00   2.3988363E+00
    201      206.5286237962  -6.8556760E-01   2.3955951E+00
    202      209.5125402691   2.9839165E+00   2.4066547E+00
    203      193.9464630872  -1.5566077E+01   2.4173054E+00
    204      184.5003710466  -9.4460920E+00   2.3812766E+00
    205      151.5074634176  -3.2992908E+01   2.3289923E+00
    206      120.1652490613  -3.1342214E+01   2.2128768E+00
    207      88.09100638271  -3.2074243E+01   2.1531553E+00
    208      72.66147515597  -1.5429531E+01   2.0786789E+00
    209      105.6761705714   3.3014695E+01   2.2451472E+00
    210      80.33652418190  -2.5339646E+01   2.0882567E+00
    211      78.71690534423  -1.6196188E+00   2.0839730E+00
    212      77.54953372343  -1.1673716E+00   2.0707518E+00
    213      90.51006989173   1.2960536E+01   2.1500999E+00
    214      76.51326138723  -1.3996809E+01   2.0732956E+00
    215      94.60987773500   1.8096616E+01   2.1370319E+00
    216      89.87560115430  -4.7342766E+00   2.1217013E+00
    217      89.08536889678  -7.9023226E-01   2.1385775E+00
    218      101.7065077279   1.2621139E+01   2.2020814E+00
    219      107.3979846534   5.6914769E+00   2.2070998E+00
    220      117.0903699711   9.6923853E+00   2.2451459E+00
    221      107.3575269969  -9.7328430E+00   2.2246738E+00
    222      117.8350245449   1.0477498E+01   2.2738217E+00
    223      120.0188948990   2.1838704E+00   2.2892320E+00
    224      123.8088358775   3.7899410E+00   2.3153221E+00
    225      130.3408993539   6.5320635E+00   2.3478404E+00
    226      129.9366229751  -4.0427638E-01   2.3441025E+00
    227      133.3324689696   3.3958460E+00   2.3626203E+00
    228      131.9505918719  -1.3818771E+00   2.3524232E+00
    229      132.0818968951   1.3130502E-01   2.3530976E+00
    230      129.8928968522  -2.1890000E+00   2.3361645E+00
    231      128.2898397671  -1.6030571E+00   2.3282292E+00
    232      128.4436623502   1.5382258E-01   2.3237276E+00
    233      128.8326950271   3.8903268E-01   2.3254121E+00
    234      128.3054872060  -5.2720782E-01   2.3241011E+00
    235      129.4509362249   1.1454490E+00   2.3284499E+00
    236      129.0275051676  -4.2343106E-01   2.3285155E+00
    237      131.7942122542   2.7667071E+00   2.3388684E+00
    238      132.8062867008   1.0120744E+00   2.3449379E+00
    239      137.1400733701   4.3337867E+00   2.3599167E+00
    240      136.5515577316  -5.8851564E-01   2.3617320E+00
    241      136.2917483512  -2.5980938E-01   2.3603431E+00
    242      139.0102089899   2.7184606E+00   2.3682136E+00
    243      139.0057195285  -4.4894614E-03   2.3698440E+00
    244      138.9607221698  -4.4997359E-02   2.3686689E+00
    245      139.7783576791   8.1763551E-01   2.3690813E+00
    246      139.8112463985   3.2888719E-02   2.3675886E+00
    247      138.4785023562  -1.3327440E+00   2.3648418E+00
    248      137.9266600237  -5.5184233E-01   2.3530432E+00
    249      134.3778676099  -3.5487924E+00   2.3451560E+00
    250      133.0956923136  -1.2821753E+00   2.3311714E+00
------------------------------------------------------------

 total:                                   5.738 sec
Optimization failed: SCF not converged in 250 cycles
------------------------------------------------------------
  cycle        total energy    energy error   density error
------------------------------------------------------------
      1     -89.82411376720  -8.9931036E+01   1.2749957E+00
      2      603.8877511729   6.9371186E+02   3.0331625E+00
      3      479.2944265193  -1.2459332E+02   2.7675018E+00
      4      671.2748321699   1.9198041E+02   2.9263340E+00
      5      536.0687595174  -1.3520607E+02   2.9060195E+00
      6      417.0433766885  -1.1902538E+02   2.8223832E+00
      7      451.6943628515   3.4650986E+01   2.7461758E+00
      8      487.5555477538   3.5861185E+01   2.6369710E+00
      9      462.4666961384  -2.5088852E+01   2.6885648E+00
     10      251.2594860919  -2.1120721E+02   2.3939051E+00
     11      281.0677473349   2.9808261E+01   2.4426663E+00
     12      343.7558175672   6.2688070E+01   2.4999276E+00
     13      308.2965524117  -3.5459265E+01   2.3904047E+00
     14      215.8045311846  -9.2492021E+01   2.3498102E+00
     15      291.2299261412   7.5425395E+01   2.4614749E+00
     16      245.2339302668  -4.5995996E+01   2.3341097E+00
     17      150.2895299412  -9.4944400E+01   2.1345778E+00
     18      211.6978529921   6.1408323E+01   2.1420519E+00
     19      193.5109270463  -1.8186926E+01   2.3292827E+00
     20      129.1208881657  -6.4390039E+01   1.9593446E+00
     21      74.82314092223  -5.4297747E+01   1.9371121E+00
     22      62.71902985647  -1.2104111E+01   1.7252067E+00
     23      17.07890273318  -4.5640127E+01   1.5322819E+00
     24      30.76438280489   1.3685480E+01   1.6177586E+00
     25      23.56011486404  -7.2042679E+00   1.5637896E+00
     26      23.23187979047  -3.2823507E-01   1.5425920E+00
     27      53.51210962067   3.0280230E+01   1.6712805E+00
     28      91.72823938742   3.8216130E+01   1.8529808E+00
     29      127.4237047697   3.5695465E+01   1.9791370E+00
     30      111.8708070946  -1.5552898E+01   1.9327075E+00
     31      68.25606813141  -4.3614739E+01   1.7107008E+00
     32      112.5286030100   4.4272535E+01   1.9361973E+00
     33      160.6654763362   4.8136873E+01   2.0422265E+00
     34      206.5712954489   4.5905819E+01   2.1863192E+00
     35      207.7912080864   1.2199126E+00   2.1878815E+00
     36      224.5717055582   1.6780497E+01   2.1962177E+00
     37      247.6975738894   2.3125868E+01   2.2795510E+00
     38      246.6158016023  -1.0817723E+00   2.1899753E+00
     39      222.5619880736  -2.4053814E+01   2.2564174E+00
     40      223.6127413564   1.0507533E+00   2.1852070E+00
     41      257.0132862391   3.3400545E+01   2.2187776E+00
     42      254.0400567679  -2.9732295E+00   2.2143036E+00
     43      262.1739604833   8.1339037E+00   2.2423403E+00
     44      249.4614863154  -1.2712474E+01   2.1925101E+00
     45      234.3961787525  -1.5065308E+01   2.2534628E+00
     46      272.4379847441   3.8041806E+01   2.3334072E+00
     47      231.3348293190  -4.1103155E+01   2.2319773E+00
     48      254.9234968901   2.3588668E+01   2.2692487E+00
     49      244.9067426107  -1.0016754E+01   2.2384836E+00
     50      241.7441869844  -3.1625556E+00   2.2331825E+00
     51      239.6976794528  -2.0465075E+00   2.2624272E+00
     52      216.1348240529  -2.3562855E+01   2.2269724E+00
     53      191.1016312706  -2.5033193E+01   2.2128584E+00
     54      190.9233880547  -1.7824322E-01   2.2124656E+00
     55      149.1748796708  -4.1748508E+01   2.0741608E+00
     56      145.7958400170  -3.3790397E+00   2.0784245E+00
     57      138.9686808782  -6.8271591E+00   2.0784166E+00
     58      122.7014092036  -1.6267272E+01   2.0123129E+00
     59      128.8613775423   6.1599683E+00   2.0514621E+00
     60      152.3138596978   2.3452482E+01   2.1301897E+00
     61      142.0346688552  -1.0279191E+01   2.0993428E+00
     62      206.4386851987   6.4404016E+01   2.2802445E+00
     63      239.3025710738   3.2863886E+01   2.4088403E+00
     64      228.7634092529  -1.0539162E+01   2.3669749E+00
     65      237.2773225526   8.5139133E+00   2.3991332E+00
     66      207.8585183033  -2.9418804E+01   2.2792508E+00
     67      198.9276323957  -8.9308859E+00   2.2197875E+00
     68      179.1426987197  -1.9784934E+01   2.1867062E+00
     69      191.6824496425   1.2539751E+01   2.2472695E+00
     70      191.3933368653  -2.8911278E-01   2.2472368E+00
     71      199.2732989143   7.8799620E+00   2.2872788E+00
     72      160.2966749850  -3.8976624E+01   2.1453431E+00
     73      140.8522496411  -1.9444425E+01   2.0752334E+00
     74      139.5872154882  -1.2650342E+00   2.1242445E+00
     75      126.1758052149  -1.3411410E+01   2.0647748E+00
     76      99.99626187298  -2.6179543E+01   1.9431900E+00
     77      55.51309978870  -4.4483162E+01   1.7312075E+00
     78      49.25309571226  -6.2600041E+00   1.7113945E+00
     79      51.83651828075   2.5834226E+00   1.7221367E+00
     80      33.07495626369  -1.8761562E+01   1.6440788E+00
     81      40.75954265634   7.6845864E+00   1.6932006E+00
     82      28.17301110852  -1.2586532E+01   1.6731254E+00
     83      57.23160857148   2.9058597E+01   1.8220551E+00
     84      53.23626699888  -3.9953416E+00   1.8136533E+00
     85      55.25924958723   2.0229826E+00   1.8240486E+00
     86      55.79017146526   5.3092188E-01   1.8156305E+00
     87      53.92438284080  -1.8657886E+00   1.8101925E+00
     88      31.72727558338  -2.2197107E+01   1.7075508E+00
     89      19.15051053380  -1.2576765E+01   1.6464347E+00
     90      13.39738340799  -5.7531271E+00   1.6142300E+00
     91      11.80386097568  -1.5935224E+00   1.5921824E+00
     92      3.928874238728  -7.8749867E+00   1.5434906E+00
     93      2.896572511799  -1.0323017E+00   1.5381505E+00
     94      2.730703703354  -1.6586881E-01   1.5375724E+00
     95     -14.00112969944  -1.6731833E+01   1.4133206E+00
     96     -19.94375872135  -5.9426290E+00   1.3587863E+00
     97     -29.07648447031  -9.1327257E+00   1.2811664E+00
     98     -37.42456296073  -8.3480785E+00   1.2091682E+00
     99     -45.24302024732  -7.8184573E+00   1.1607697E+00
    100     -41.31310998857   3.9299103E+00   1.1557892E+00
    101     -36.80251798253   4.5105920E+00   1.1911371E+00
    102     -29.43011540490   7.3724026E+00   1.2568943E+00
    103     -33.29244401629  -3.8623286E+00   1.2272641E+00
    104     -43.77509611891  -1.0482652E+01   1.1102163E+00
    105     -50.51869240957  -6.7435963E+00   1.0470218E+00
    106     -52.73540748638  -2.2167151E+00   1.0222595E+00
    107     -56.20388141524  -3.4684739E+00   9.9875624E-01
    108     -61.11082390070  -4.9069425E+00   9.5539351E-01
    109     -59.72650502424   1.3843189E+00   9.4471390E-01
    110     -66.68458626271  -6.9580812E+00   8.8250641E-01
    111     -67.19709916144  -5.1251290E-01   8.8259463E-01
    112     -67.33201766906  -1.3491851E-01   8.8933300E-01
    113     -70.37701763673  -3.0450000E+00   8.4888570E-01
    114     -71.56446241490  -1.1874448E+00   8.2869122E-01
    115     -74.22974853315  -2.6652861E+00   8.0274817E-01
    116     -80.85256938721  -6.6228209E+00   7.0014089E-01
    117     -83.51687448733  -2.6643051E+00   6.4319311E-01
    118     -83.98066593524  -4.6379145E-01   6.5669037E-01
    119     -88.45611909796  -4.4754532E+00   5.7661175E-01
    120     -88.11156186516   3.4455723E-01   5.6541260E-01
    121     -89.81399009312  -1.7024282E+00   5.1805590E-01
    122     -94.47937748744  -4.6653874E+00   4.4020124E-01
    123     -97.69611902577  -3.2167415E+00   3.6844701E-01
    124     -99.73898357678  -2.0428646E+00   2.9655925E-01
    125     -101.3569975544  -1.6180140E+00   2.4872284E-01
    126     -102.3461966091  -9.8919905E-01   1.9892352E-01
    127     -102.5205363580  -1.7433975E-01   1.8476842E-01
    128     -103.0006885435  -4.8015219E-01   1.4705459E-01
    129     -102.9536169434   4.7071600E-02   1.4669526E-01
    130     -103.4663007713  -5.1268383E-01   9.7130093E-02
    131     -103.4415883397   2.4712432E-02   1.0122074E-01
    132     -103.6155827182  -1.7399438E-01   7.6419287E-02
    133     -103.6477328270  -3.2150109E-02   7.0887749E-02
    134     -103.6766998980  -2.8967071E-02   6.4028188E-02
    135     -103.7451858931  -6.8485995E-02   5.2944212E-02
    136     -103.7432849232   1.9009699E-03   4.9545029E-02
    137     -103.7922929719  -4.9008049E-02   3.9793177E-02
    138     -103.8140151753  -2.1722203E-02   3.4170089E-02
    139     -103.8211632836  -7.1481084E-03   2.9498766E-02
    140     -103.8306443623  -9.4810786E-03   2.4822185E-02
    141     -103.8453010034  -1.4656641E-02   1.9638629E-02
    142     -103.8537686754  -8.4676719E-03   1.5369266E-02
    143     -103.8613079352  -7.5392599E-03   1.0080613E-02
    144     -103.8625431390  -1.2352038E-03   8.8275062E-03
    145     -103.8639622496  -1.4191106E-03   6.4891459E-03
    146     -103.8645527657  -5.9051605E-04   5.4280602E-03
    147     -103.8651774368  -6.2467114E-04   4.1562748E-03
    148     -103.8653650954  -1.8765855E-04   3.5858467E-03
    149     -103.8654943958  -1.2930049E-04   3.0060749E-03
    150     -103.8656310289  -1.3663304E-04   2.4310458E-03
    151     -103.8657405817  -1.0955283E-04   1.9180573E-03
    152     -103.8658115921  -7.1010392E-05   1.4212789E-03
    153     -103.8658468706  -3.5278548E-05   1.1232045E-03
    154     -103.8658671731  -2.0302454E-05   8.6146740E-04
    155     -103.8658840200  -1.6846859E-05   6.2917324E-04
    156     -103.8658865890  -2.5690532E-06   5.6096599E-04
    157     -103.8658938805  -7.2914683E-06   3.9971348E-04
    158     -103.8658971912  -3.3107577E-06   2.9179462E-04
    159     -103.8658996280  -2.4368152E-06   1.9190833E-04
    160     -103.8659002599  -6.3184571E-07   1.6167938E-04
    161     -103.8659007614  -5.0153612E-07   1.2087805E-04
    162     -103.8659009929  -2.3146305E-07   9.4597258E-05
    163     -103.8659011519  -1.5897470E-07   7.2898452E-05
    164     -103.8659013041  -1.5227765E-07   3.9244944E-05
    165     -103.8659013274  -2.3266665E-08   2.8332007E-05
    166     -103.8659013518  -2.4431003E-08   1.7787393E-05
------------------------------------------------------------

 total:                                   4.270 sec
3
{'bond-orders': array([[ 0.00000000e+00,  1.08828294e+00,  7.63073635e-01, ...,
         3.63852902e-02,  6.03190602e-03, -4.08644610e-04],
       [ 1.08828294e+00,  0.00000000e+00,  5.88361949e-01, ...,
         3.58533017e-02,  4.48530273e-03,  2.94263524e-04],
       [ 7.63073635e-01,  5.88361949e-01,  0.00000000e+00, ...,
         5.20187144e-02,  4.87577713e-03,  3.52731453e-04],
       ...,
       [ 3.63852902e-02,  3.58533017e-02,  5.20187144e-02, ...,
         0.00000000e+00,  5.64334321e-03,  3.40117446e-04],
       [ 6.03190602e-03,  4.48530273e-03,  4.87577713e-03, ...,
         5.64334321e-03,  0.00000000e+00,  7.66656252e-01],
       [-4.08644610e-04,  2.94263524e-04,  3.52731453e-04, ...,
         3.40117446e-04,  7.66656252e-01,  0.00000000e+00]])}
{'bond-orders': array([[ 0.00000000e+00,  1.08828294e+00,  7.63073635e-01, ...,
         3.63852902e-02,  6.03190602e-03, -4.08644610e-04],
       [ 1.08828294e+00,  0.00000000e+00,  5.88361949e-01, ...,
         3.58533017e-02,  4.48530273e-03,  2.94263524e-04],
       [ 7.63073635e-01,  5.88361949e-01,  0.00000000e+00, ...,
         5.20187144e-02,  4.87577713e-03,  3.52731453e-04],
       ...,
       [ 3.63852902e-02,  3.58533017e-02,  5.20187144e-02, ...,
         0.00000000e+00,  5.64334321e-03,  3.40117446e-04],
       [ 6.03190602e-03,  4.48530273e-03,  4.87577713e-03, ...,
         5.64334321e-03,  0.00000000e+00,  7.66656252e-01],
       [-4.08644610e-04,  2.94263524e-04,  3.52731453e-04, ...,
         3.40117446e-04,  7.66656252e-01,  0.00000000e+00]]), 'molecular-dipole': array([-0.86801991, -0.50088479,  1.3838565 ])}
{'bond-orders': array([[ 0.00000000e+00,  1.08828294e+00,  7.63073635e-01, ...,
         3.63852902e-02,  6.03190602e-03, -4.08644610e-04],
       [ 1.08828294e+00,  0.00000000e+00,  5.88361949e-01, ...,
         3.58533017e-02,  4.48530273e-03,  2.94263524e-04],
       [ 7.63073635e-01,  5.88361949e-01,  0.00000000e+00, ...,
         5.20187144e-02,  4.87577713e-03,  3.52731453e-04],
       ...,
       [ 3.63852902e-02,  3.58533017e-02,  5.20187144e-02, ...,
         0.00000000e+00,  5.64334321e-03,  3.40117446e-04],
       [ 6.03190602e-03,  4.48530273e-03,  4.87577713e-03, ...,
         5.64334321e-03,  0.00000000e+00,  7.66656252e-01],
       [-4.08644610e-04,  2.94263524e-04,  3.52731453e-04, ...,
         3.40117446e-04,  7.66656252e-01,  0.00000000e+00]]), 'molecular-dipole': array([-0.86801991, -0.50088479,  1.3838565 ]), 'molecular-quadrupole': array([ -52.81556371, -122.34055914,  -24.30953379,   85.47501718,
         42.66218241,   77.1250975 ])}
     Step     Time          Energy         fmax         cmax       rtrust          rho
Sella   0 13:53:45    23225.332216       2.1012       0.0000       0.1000       1.0000
------------------------------------------------------------
  cycle        total energy    energy error   density error
------------------------------------------------------------
      1     -102.1794972578  -1.0228604E+02   1.6664788E-01
      2      356.9053941144   4.5908489E+02   2.4894512E+00
      3      163.3167250766  -1.9358867E+02   2.2201180E+00
      4      144.9086072722  -1.8408118E+01   2.0595721E+00
      5      75.75881031614  -6.9149797E+01   1.6051699E+00
      6      158.0657085707   8.2306898E+01   1.8845117E+00
      7      9.354130455778  -1.4871158E+02   1.3704467E+00
      8     -22.41381902765  -3.1767949E+01   1.1240549E+00
      9     -1.041900850943   2.1371918E+01   1.3015663E+00
     10     -29.11823243168  -2.8076332E+01   1.1772693E+00
     11     -31.64173917250  -2.5235067E+00   1.1665787E+00
     12      5.979358160621   3.7621097E+01   1.3755262E+00
     13      83.77474376754   7.7795386E+01   1.6170483E+00
     14      149.4119712380   6.5637227E+01   1.9917905E+00
     15      120.5142610411  -2.8897710E+01   1.7802678E+00
     16      36.55444412119  -8.3959817E+01   1.4749134E+00
     17      49.28891179664   1.2734468E+01   1.5622756E+00
     18      48.31960500168  -9.6930679E-01   1.5332756E+00
     19      43.51993264858  -4.7996724E+00   1.5178725E+00
     20      51.95163746497   8.4317048E+00   1.5391528E+00
     21      55.30387874151   3.3522413E+00   1.5970248E+00
     22      64.65792433439   9.3540456E+00   1.5746206E+00
     23      60.42067389948  -4.2372504E+00   1.5654823E+00
     24      64.62525999803   4.2045861E+00   1.5911088E+00
     25      81.68801951277   1.7062760E+01   1.6413164E+00
     26      78.60754673233  -3.0804728E+00   1.6330098E+00
     27      81.67532966174   3.0677829E+00   1.6456553E+00
     28      85.81489963904   4.1395700E+00   1.6582912E+00
     29      89.00792156923   3.1930219E+00   1.6683551E+00
     30      88.03405893479  -9.7386263E-01   1.6666522E+00
     31      84.68652709334  -3.3475318E+00   1.6556589E+00
     32      82.31773231064  -2.3687948E+00   1.6451614E+00
     33      69.97566724891  -1.2342065E+01   1.6041870E+00
     34      67.73275313370  -2.2429141E+00   1.5857049E+00
     35      44.16140334624  -2.3571350E+01   1.4543252E+00
     36     -5.803296039831  -4.9964699E+01   1.2185144E+00
     37      41.44063569280   4.7243932E+01   1.3709053E+00
     38      19.62396363719  -2.1816672E+01   1.3280755E+00
     39      13.61283812861  -6.0111255E+00   1.3043300E+00
     40      15.95829584391   2.3454577E+00   1.3233082E+00
     41      9.639541062327  -6.3187548E+00   1.2741823E+00
     42      8.624585045890  -1.0149560E+00   1.2711385E+00
     43     -8.877271887507  -1.7501857E+01   1.2022260E+00
     44     -17.36484882767  -8.4875769E+00   1.2434809E+00
     45     -23.89415838473  -6.5293096E+00   1.2018949E+00
     46     -18.81819010083   5.0759683E+00   1.2285223E+00
     47     -14.48201196725   4.3361781E+00   1.1821820E+00
     48     -16.92667957363  -2.4446676E+00   1.2063843E+00
     49     -1.794442440017   1.5132237E+01   1.2260195E+00
     50      4.589816759834   6.3842592E+00   1.2466350E+00
     51     -8.200467731032  -1.2790284E+01   1.2408963E+00
     52     -9.039819579056  -8.3935185E-01   1.2377794E+00
     53     -10.79369715353  -1.7538776E+00   1.2243224E+00
     54     -5.529949438343   5.2637477E+00   1.2409828E+00
     55     -10.38649881153  -4.8565494E+00   1.2149001E+00
     56     -13.34152377854  -2.9550250E+00   1.2192333E+00
     57     -38.23571594112  -2.4894192E+01   1.0517399E+00
     58     -54.02768543729  -1.5791969E+01   9.3782622E-01
     59     -50.75081218560   3.2768733E+00   9.8022781E-01
     60     -49.07896855519   1.6718436E+00   9.9301027E-01
     61     -48.25365947122   8.2530908E-01   9.9885383E-01
     62     -50.60091235782  -2.3472529E+00   9.7633723E-01
     63     -52.79551531665  -2.1946030E+00   9.5097631E-01
     64     -52.99227756748  -1.9676225E-01   9.4906744E-01
     65     -52.97423025113   1.8047316E-02   9.4935640E-01
     66     -53.43839125139  -4.6416100E-01   9.5187429E-01
     67     -53.24118790978   1.9720334E-01   9.5081262E-01
     68     -58.51090765729  -5.2697197E+00   8.9195921E-01
     69     -58.97294476427  -4.6203711E-01   8.8492445E-01
     70     -57.99416150612   9.7878326E-01   8.9529636E-01
     71     -60.37363103715  -2.3794695E+00   8.7388107E-01
     72     -64.71358407826  -4.3399530E+00   8.3883707E-01
     73     -69.18579670056  -4.4722126E+00   8.0923474E-01
     74     -77.02384210175  -7.8380454E+00   7.3625043E-01
     75     -86.68899991056  -9.6651578E+00   5.9817467E-01
     76     -91.61757794451  -4.9285780E+00   5.2216572E-01
     77     -89.40659307113   2.2109849E+00   5.5328278E-01
     78     -82.02440791656   7.3821852E+00   5.9642074E-01
     79     -78.84629202973   3.1781159E+00   6.1818145E-01
     80     -81.16243931685  -2.3161473E+00   5.7715397E-01
     81     -86.13199565304  -4.9695563E+00   5.1261874E-01
     82     -92.23191455659  -6.0999189E+00   4.3875007E-01
     83     -94.38217071576  -2.1502562E+00   3.9591731E-01
     84     -94.89968892039  -5.1751820E-01   3.8955471E-01
     85     -97.26420885365  -2.3645199E+00   3.1966913E-01
     86     -98.22692649927  -9.6271765E-01   3.0837452E-01
     87     -98.68365268867  -4.5672619E-01   2.8759459E-01
     88     -98.05121534664   6.3243734E-01   2.9986062E-01
     89     -98.91530901516  -8.6409367E-01   2.6947325E-01
     90     -100.0458956694  -1.1305867E+00   2.4366742E-01
     91     -101.7933403953  -1.7474447E+00   1.9087672E-01
     92     -102.3016491588  -5.0830876E-01   1.7186482E-01
     93     -102.7413467639  -4.3969761E-01   1.4630460E-01
     94     -103.3262362278  -5.8488946E-01   1.0883444E-01
     95     -103.4500674407  -1.2383121E-01   9.4921659E-02
     96     -103.4934996794  -4.3432239E-02   8.7680099E-02
     97     -103.6111162154  -1.1761654E-01   7.1695888E-02
     98     -103.7313508391  -1.2023462E-01   5.3999176E-02
     99     -103.7408104626  -9.4596235E-03   5.1120813E-02
    100     -103.7823792532  -4.1568791E-02   4.2626748E-02
    101     -103.7993834506  -1.7004197E-02   3.6843008E-02
    102     -103.8174598366  -1.8076386E-02   3.2003948E-02
    103     -103.8435590492  -2.6099213E-02   2.4753025E-02
    104     -103.8528038187  -9.2447696E-03   2.0979833E-02
    105     -103.8562594834  -3.4556646E-03   1.8731673E-02
    106     -103.8607181469  -4.4586635E-03   1.5670573E-02
    107     -103.8653358768  -4.6177299E-03   1.3003041E-02
    108     -103.8680653523  -2.7294755E-03   1.0958441E-02
    109     -103.8699557050  -1.8903527E-03   8.7525411E-03
    110     -103.8711890219  -1.2333169E-03   7.1557552E-03
    111     -103.8718573919  -6.6837003E-04   6.2356443E-03
    112     -103.8723781741  -5.2078217E-04   5.1315846E-03
    113     -103.8729702750  -5.9210093E-04   3.6408418E-03
    114     -103.8731371175  -1.6684251E-04   2.9752184E-03
    115     -103.8732501283  -1.1301080E-04   2.5354867E-03
    116     -103.8733845800  -1.3445166E-04   1.9196151E-03
    117     -103.8734666283  -8.2048295E-05   1.3550000E-03
    118     -103.8734986455  -3.2017214E-05   1.0189601E-03
    119     -103.8735195362  -2.0890664E-05   7.8020879E-04
    120     -103.8735371087  -1.7572597E-05   4.9365818E-04
    121     -103.8735428636  -5.7548900E-06   3.2351824E-04
    122     -103.8735460320  -3.1683143E-06   1.8034661E-04
    123     -103.8735465056  -4.7360392E-07   1.3483955E-04
    124     -103.8735469246  -4.1902952E-07   9.7308977E-05
    125     -103.8735472601  -3.3548882E-07   5.3444172E-05
    126     -103.8735473470  -8.6944567E-08   3.0838143E-05
    127     -103.8735473660  -1.8947674E-08   2.2221236E-05
    128     -103.8735473774  -1.1457857E-08   1.4622971E-05
------------------------------------------------------------

 total:                                   3.348 sec
3
{'bond-orders': array([[ 0.00000000e+00,  1.08827234e+00,  7.63472275e-01, ...,
         3.76880609e-02,  5.74561042e-03, -3.79183829e-04],
       [ 1.08827234e+00,  0.00000000e+00,  5.88143986e-01, ...,
         3.51904109e-02,  4.38997256e-03,  3.26243155e-04],
       [ 7.63472275e-01,  5.88143986e-01,  0.00000000e+00, ...,
         5.27036245e-02,  4.75528370e-03,  4.38979356e-04],
       ...,
       [ 3.76880609e-02,  3.51904109e-02,  5.27036245e-02, ...,
         0.00000000e+00,  5.42585737e-03,  3.88037718e-04],
       [ 5.74561042e-03,  4.38997256e-03,  4.75528370e-03, ...,
         5.42585737e-03,  0.00000000e+00,  7.61373884e-01],
       [-3.79183829e-04,  3.26243155e-04,  4.38979356e-04, ...,
         3.88037718e-04,  7.61373884e-01,  0.00000000e+00]])}
{'bond-orders': array([[ 0.00000000e+00,  1.08827234e+00,  7.63472275e-01, ...,
         3.76880609e-02,  5.74561042e-03, -3.79183829e-04],
       [ 1.08827234e+00,  0.00000000e+00,  5.88143986e-01, ...,
         3.51904109e-02,  4.38997256e-03,  3.26243155e-04],
       [ 7.63472275e-01,  5.88143986e-01,  0.00000000e+00, ...,
         5.27036245e-02,  4.75528370e-03,  4.38979356e-04],
       ...,
       [ 3.76880609e-02,  3.51904109e-02,  5.27036245e-02, ...,
         0.00000000e+00,  5.42585737e-03,  3.88037718e-04],
       [ 5.74561042e-03,  4.38997256e-03,  4.75528370e-03, ...,
         5.42585737e-03,  0.00000000e+00,  7.61373884e-01],
       [-3.79183829e-04,  3.26243155e-04,  4.38979356e-04, ...,
         3.88037718e-04,  7.61373884e-01,  0.00000000e+00]]), 'molecular-dipole': array([-0.85868823, -0.49261828,  1.79870903])}
{'bond-orders': array([[ 0.00000000e+00,  1.08827234e+00,  7.63472275e-01, ...,
         3.76880609e-02,  5.74561042e-03, -3.79183829e-04],
       [ 1.08827234e+00,  0.00000000e+00,  5.88143986e-01, ...,
         3.51904109e-02,  4.38997256e-03,  3.26243155e-04],
       [ 7.63472275e-01,  5.88143986e-01,  0.00000000e+00, ...,
         5.27036245e-02,  4.75528370e-03,  4.38979356e-04],
       ...,
       [ 3.76880609e-02,  3.51904109e-02,  5.27036245e-02, ...,
         0.00000000e+00,  5.42585737e-03,  3.88037718e-04],
       [ 5.74561042e-03,  4.38997256e-03,  4.75528370e-03, ...,
         5.42585737e-03,  0.00000000e+00,  7.61373884e-01],
       [-3.79183829e-04,  3.26243155e-04,  4.38979356e-04, ...,
         3.88037718e-04,  7.61373884e-01,  0.00000000e+00]]), 'molecular-dipole': array([-0.85868823, -0.49261828,  1.79870903]), 'molecular-quadrupole': array([ -62.4417042 , -120.95626575,  -34.22156025,  130.76140598,
         64.37438828,   96.66326444])}
Sella   1 13:53:50    23225.124158       1.8251       0.0083       0.1000       0.9334
------------------------------------------------------------
  cycle        total energy    energy error   density error
------------------------------------------------------------
      1     -102.2014225725  -1.0230931E+02   1.6573010E-01
      2      399.0123534184   5.0121378E+02   2.5650129E+00
      3      216.3930083432  -1.8261935E+02   2.2620038E+00
      4      204.0580707084  -1.2334938E+01   2.1428789E+00
