{"hessian": [[24.75818078128639, 16.020023149582247, 3.242932417329899, -3.5706452262673993, -2.145502027240337, 0.6354095797643895, -19.4534164613423, -13.777044173739661, -0.011698519383850775, -0.1035897463682086, -0.20316857180481135, 0.38358288063224255, 0.09518223903080364, 0.05153133511007241, -0.28895985653901857, 0.13475794444089703, 0.03804589902912797, -0.2694451835448586], [16.020023149582247, 11.254412734801909, 2.9494795580165336, -2.1498407638250074, -1.426762994018672, 0.4216030686297577, -13.182412290113266, -8.481580819481522, -0.4180999405725059, -0.18385958706355437, 0.108057038110943, 0.22477226611751622, 0.06998542805020194, 0.0762267809742235, -0.1625451418564941, 0.05425670446103561, 0.046697661166855, -0.155744573994893], [3.242932417329899, 2.9494795580165336, 13.973650004725288, 2.9883289267835638, 1.9570401655180811, 0.6889528030981683, -7.794890587165285, -5.567486068722186, -6.778925600741067, 0.5237080029223239, 0.3158214568165528, -0.4478283208748739, 0.04086768474863932, -0.08802171672662257, 0.27899683178903567, -0.08324589260453406, 0.08949367328645874, 0.31814187741961336], [-3.5706452262673993, -2.1498407638250074, 2.9883289267835638, 52.76903846088396, 1.1603195734146146, 4.5710421830500305, -6.4354969237302075, -2.2630078694690057, 3.3459822320342374, -22.00255597387291, -10.738289486205378, -4.808226449678654, -13.062855993113471, 8.592671759322782, -8.378177478092507, -5.4999624719489155, 4.303788864950168, 3.0420392718228255], [-2.145502027240337, -1.426762994018672, 1.9570401655180811, 1.1603195734146146, 52.41880278825359, 3.249392314022629, -2.1725307492233554, -3.922815654026632, 1.4254131648589967, -10.716030160586545, -10.630798090789916, -2.9518321174091096, 8.356644489116736, -12.332919805624403, 7.994253926291394, 4.498395663227898, -20.369082713444758, -11.07058528652787], [0.6354095797643895, 0.4216030686297577, 0.6889528030981683, 4.5710421830500305, 3.249392314022629, 42.43396222794724, 4.10752370513341, 2.155471479748223, -13.306198051813375, -4.637948715064593, -2.8651730853579687, -5.463883466838171, -7.906887840870898, 7.696815857078035, -10.98436976977205, 2.9934454220745224, -10.567298270464057, -10.740822022819245], [-19.4534164613423, -13.182412290113266, -7.794890587165285, -6.4354969237302075, -2.1725307492233554, 4.10752370513341, 30.72064614540322, 15.938622023495938, -4.0320875383812815, -1.115646655987272, -0.3913668954530356, 2.0523638152227557, 0.5597420137277456, 0.2190708448573647, -0.6910803909641323, -0.47208025144370314, -0.20228796897207088, 0.7400341951550158], [-13.777044173739661, -8.481580819481522, -5.567486068722186, -2.2630078694690057, -3.922815654026632, 2.155471479748223, 15.938622023495938, 15.278986224194332, -0.48760328677996684, -0.43296734460264164, -0.6624575850211172, 1.2707227431602308, -0.7702767960896412, -0.46891779455532134, 1.201553640363737, 0.8095953911836057, 0.5521444038861458, -1.2692122200529754], [-0.011698519383850775, -0.4180999405725059, -6.778925600741067, 3.3459822320342374, 1.4254131648589967, -13.306198051813375, -4.0320875383812815, -0.48760328677996684, 27.61618048882437, -0.7507492675796748, -0.40054573373882635, 0.6009375141294488, 0.6711414859483602, 0.5277960569487685, -1.9965130268017228, 0.7803426649660754, 0.34138464999763785, -2.0259650135142526], [-0.1035897463682086, -0.18385958706355437, 0.5237080029223239, -22.00255597387291, -10.716030160586545, -4.637948715064593, -1.115646655987272, -0.43296734460264164, -0.7507492675796748, 23.824266124496713, 11.844506621348632, 4.94594116275503, -1.4058342142858047, -0.9150556151016498, -0.31163698642156, 0.659430111048703, 0.43904157582117936, 0.1509687498728045], [-0.20316857180481135, 0.108057038110943, 0.3158214568165528, -10.738289486205378, -10.630798090789916, -2.8651730853579687, -0.3913668954530356, -0.6624575850211172, -0.40054573373882635, 11.844506621348632, 11.286782923602498, 2.9970321109845157, 1.5275888044884982, 0.9079529426185976, 0.3308559825521721, -2.017467517566203, -1.1266766885491886, -0.42229083872540174], [0.38358288063224255, 0.22477226611751622, -0.4478283208748739, -4.808226449678654, -2.9518321174091096, -5.463883466838171, 2.0523638152227557, 1.2707227431602308, 0.6009375141294488, 4.94594116275503, 2.9970321109845157, 6.101677744784653, -1.290661648176003, -0.9357208567604851, -0.32361189939524904, -1.394945592397759, -0.6532466079458106, -0.3204815812963835], [0.09518223903080364, 0.06998542805020194, 0.04086768474863932, -13.062855993113471, 8.356644489116736, -7.906887840870898, 0.5597420137277456, -0.7702767960896412, 0.6711414859483602, -1.4058342142858047, 1.5275888044884982, -1.290661648176003, 14.137686386415327, -9.477851155690288, 8.775946420417144, -0.40876040833913474, 0.31942742900025634, -0.39250460860190467], [0.05153133511007241, 0.0762267809742235, -0.08802171672662257, 8.592671759322782, -12.332919805624403, 7.696815857078035, 0.2190708448573647, -0.46891779455532134, 0.5277960569487685, -0.9150556151016498, 0.9079529426185976, -0.9357208567604851, -9.477851155690288, 13.198758078461141, -8.693523280824222, 1.4932324384958156, -1.3874058323772878, 1.3612769965007199], [-0.28895985653901857, -0.1625451418564941, 0.27899683178903567, -8.378177478092507, 7.994253926291394, -10.98436976977205, -0.6910803909641323, 1.201553640363737, -1.9965130268017228, -0.31163698642156, 0.3308559825521721, -0.32361189939524904, 8.775946420417144, -8.693523280824222, 12.312820206661051, 0.98351766452879, -0.9629102726910836, 0.9709449700701018], [0.13475794444089703, 0.05425670446103561, -0.08324589260453406, -5.4999624719489155, 4.498395663227898, 2.9934454220745224, -0.47208025144370314, 0.8095953911836057, 0.7803426649660754, 0.659430111048703, -2.017467517566203, -1.394945592397759, -0.40876040833913474, 1.4932324384958156, 0.98351766452879, 5.471616059595738, -4.933362040538439, -3.4734446712549856], [0.03804589902912797, 0.046697661166855, 0.08949367328645874, 4.303788864950168, -20.369082713444758, -10.567298270464057, -0.20228796897207088, 0.5521444038861458, 0.34138464999763785, 0.43904157582117936, -1.1266766885491886, -0.6532466079458106, 0.31942742900025634, -1.3874058323772878, -0.9629102726910836, -4.933362040538439, 22.193466811356295, 11.751850491173792], [-0.2694451835448586, -0.155744573994893, 0.31814187741961336, 3.0420392718228255, -11.07058528652787, -10.740822022819245, 0.7400341951550158, -1.2692122200529754, -2.0259650135142526, 0.1509687498728045, -0.42229083872540174, -0.3204815812963835, -0.39250460860190467, 1.3612769965007199, 0.9709449700701018, -3.4734446712549856, 11.751850491173792, 11.999029921341915]], "frequencies": ["13.064082198272343j", "(119.5920168741337+0j)", "(191.2396193165078+0j)", "(233.0294640337616+0j)", "(264.6960741123031+0j)", "(297.4216296367384+0j)", "(313.2146040086011+0j)", "(567.6892098447976+0j)", "(910.4287580979951+0j)", "(944.4052840023211+0j)", "(1049.015538962546+0j)", "(1197.6602531508763+0j)", "(1355.476411420946+0j)", "(1430.0087758147326+0j)", "(1438.1174210516494+0j)", "(2970.2777149162343+0j)", "(3033.4651112781235+0j)", "(3075.525843353072+0j)"]}