{"hessian": [[4.255008610222672, -0.017001419654002974, 0.0017933444549968944, -1.0536316477370562, 0.00651774651385974, 0.010451534350627185], [-0.017001419654002974, 4.2729034882252215, 0.010226562824014643, 0.008600340074501318, -1.0616213508107522, -0.009024572096113457], [0.0017933444549968944, 0.010226562824014643, 57.13684136679225, 0.005990670365796135, -0.008921727969662067, -47.99375427045928], [-1.0536316477370562, 0.008600340074501318, 0.005990670365796135, 0.592857822445108, 0.007398349346600162, -0.0013626846754815122], [0.00651774651385974, -1.0616213508107522, -0.008921727969662067, 0.007398349346600162, 0.584386037528671, 0.00876746177998491], [0.010451534350627185, -0.009024572096113457, -47.99375427045928, -0.0013626846754815122, 0.00876746177998491, 48.08830658921557]], "frequencies": ["(176.63549254527942+0j)", "(181.13201924942763+0j)", "(384.23413897209923+0j)", "(445.07751418707335+0j)", "(447.69733219679597+0j)", "(3714.3599365958025+0j)"]}