{"hessian": [[38.07839777308668, -1.0635496781817166, -0.17668620924356665, -16.18762050915067, -7.439917656960251, -9.903844382967943, -3.2360997106787814, 0.0030467572461237435, -0.008176108052889156, -15.955257060949457, 7.431304461369944, 10.047414783494148], [-1.0635496781817166, 39.180501143171874, -0.22430946754848458, -7.456019190507805, -7.556028675723923, -5.70057922386615, 0.07686955676454502, -20.333389373808206, 11.51588749854678, 7.356395370765879, -7.529424185762516, -5.810757422085153], [-0.17668620924356665, -0.22430946754848458, 20.4653383880454, -5.688732866050525, -3.270661764924367, -6.027096469833651, -0.007211944367406964, 6.822261544524541, -6.235227270739745, 5.989320536636459, -3.471310655631118, -6.2498954142748815], [-16.18762050915067, -7.456019190507805, -5.688732866050525, 18.298746887124615, 8.443669903368363, 7.942246937096482, -0.26430940498018995, -0.10020874571111774, -0.1542854729508633, -1.974935043520631, -0.884915858293476, -0.9351680695808087], [-7.439917656960251, -7.556028675723923, -3.270661764924367, 8.443669903368363, 8.493060795096662, 4.576454355204538, -1.8712295975101645, -1.3919374016990544, -0.9827913278857268, 0.8760455523870396, 0.3068611622994716, 0.34902725414456015], [-9.903844382967943, -5.70057922386615, -6.027096469833651, 7.942246937096482, 4.576454355204538, 6.944793893433523, 0.8012200226357169, 0.6454368820934047, 0.3591124062947041, 0.9704243216799417, 0.37111945805790925, 0.4235699625481414], [-3.2360997106787814, 0.07686955676454502, -0.007211944367406964, -0.26430940498018995, -1.8712295975101645, 0.8012200226357169, 3.6788243917785026, -0.004306597795153958, -0.007674742936438408, -0.26240678864083833, 1.8558736838793846, -0.789045849167028], [0.0030467572461237435, -20.333389373808206, 6.822261544524541, -0.10020874571111774, -1.3919374016990544, 0.6454368820934047, -0.004306597795153958, 23.14058408287918, -9.432445473861982, 0.11128377257835675, -1.406297012854836, 0.6579838655204797], [-0.008176108052889156, 11.51588749854678, -6.235227270739745, -0.1542854729508633, -0.9827913278857268, 0.3591124062947041, -0.007674742936438408, -9.432445473861982, 6.964347132975103, 0.16605469767164951, -1.0216085578632406, 0.37556103876903063], [-15.955257060949457, 7.356395370765879, 5.989320536636459, -1.974935043520631, 0.8760455523870396, 0.9704243216799417, -0.26240678864083833, 0.11128377257835675, 0.16605469767164951, 18.211457934798958, -8.408310807142776, -8.2468005343087], [7.431304461369944, -7.529424185762516, -3.471310655631118, -0.884915858293476, 0.3068611622994716, 0.37111945805790925, 1.8558736838793846, -1.406297012854836, -1.0216085578632406, -8.408310807142776, 8.538877853430778, 4.75970973302519], [10.047414783494148, -5.810757422085153, -6.2498954142748815, -0.9351680695808087, 0.34902725414456015, 0.4235699625481414, -0.789045849167028, 0.6579838655204797, 0.37556103876903063, -8.2468005343087, 4.75970973302519, 7.137793752235448]], "frequencies": ["(180.9983733449054+0j)", "(267.89289039583326+0j)", "(335.0913289727854+0j)", "(432.81061248263916+0j)", "(458.3166391341419+0j)", "(470.24968430195986+0j)", "(1179.523042345186+0j)", "(1326.12264467118+0j)", "(1329.5698832247376+0j)", "(2779.291888594195+0j)", "(2833.2110390890066+0j)", "(2839.9535965922414+0j)"]}