{"hessian": [[5.6055962453303465, -0.5872528175535047, 0.6274327322065001, -0.5449067484871262, 0.6558691331703219, 0.2665784035200248], [-0.5872528175535047, 0.7856905595415499, 5.039683584015513, 0.17491857582018244, 5.59554965972762, 2.4514504479175523], [0.6274327322065001, 5.039683584015513, 6.006392661627396, -0.19203569511644333, -6.312746031052516, -1.8011220420598013], [-0.5449067484871262, 0.17491857582018244, -0.19203569511644333, 0.45368400832470257, -0.36994317836162116, -0.7182376681052145], [0.6558691331703219, 5.59554965972762, -6.312746031052516, -0.36994317836162116, -7.1658573432408845, -1.7606335950274516], [0.2665784035200248, 2.4514504479175523, -1.8011220420598013, -0.7182376681052145, -1.7606335950274516, 9.08833545451338]], "frequencies": ["1468.1313667566471j", "(255.97823091171855+0j)", "(286.97710680134225+0j)", "(380.75334720549944+0j)", "(434.98906164453086+0j)", "(1589.0523669610218+0j)"]}