{"hessian": [[32.98249840736389, 22.577789425849915, -0.3316148999147117, -15.290822833776474, -11.300457268953323, 13.909020274877548, -15.902061015367508, -11.949486657977104, -13.356824964284897], [22.577789425849915, 22.76366353034973, -0.500169163569808, -11.382756754755974, -9.91668775677681, 11.056192219257355, -11.993037536740303, -10.517149418592453, -10.673380643129349], [-0.3316148999147117, -0.500169163569808, 38.872504234313965, 11.38400137424469, 8.980721235275269, -15.997418761253357, -10.703940317034721, -8.570197597146034, -14.184046536684036], [-15.290822833776474, -11.382756754755974, 11.38400137424469, 16.56690537929535, 12.25491687655449, -12.889077514410019, -1.2212679721415043, -0.9653396438807249, 1.4287434983998537], [-11.300457268953323, -9.91668775677681, 8.980721235275269, 12.25491687655449, 10.803164541721344, -10.282593220472336, -0.9759127162396908, -0.7335295202210546, 1.116741495206952], [13.909020274877548, 11.056192219257355, -15.997418761253357, -12.889077514410019, -10.282593220472336, 15.993407368659973, -1.342824101448059, -1.0595555882900953, 0.7722068578004837], [-15.902061015367508, -11.993037536740303, -10.703940317034721, -1.2212679721415043, -0.9759127162396908, -1.342824101448059, 17.24550724029541, 12.848666310310364, 12.210454791784286], [-11.949486657977104, -10.517149418592453, -8.570197597146034, -0.9653396438807249, -0.7335295202210546, -1.0595555882900953, 12.848666310310364, 11.387230455875397, 9.832769632339478], [-13.356824964284897, -10.673380643129349, -14.184046536684036, 1.4287434983998537, 1.116741495206952, 0.7722068578004837, 12.210454791784286, 9.832769632339478, 14.208537340164185]], "frequencies": ["(135.29520254609147+0j)", "(233.6351534912858+0j)", "(416.8870261637403+0j)", "(542.1917571091494+0j)", "(543.9659340630022+0j)", "(588.8522872710362+0j)", "(1393.9720746872952+0j)", "(3270.47366811632+0j)", "(3357.1183616314443+0j)"]}