{"hessian": [[6.0856543481349945, -0.09714853367768228, 0.3768399590626359, -0.973543431609869, 0.04692088841693476, -0.2790642553009093], [-0.09714853367768228, 3.6306824535131454, -0.7338515715673566, 0.01463830703869462, -1.107919728383422, 0.8571994956582785], [0.3768399590626359, -0.7338515715673566, 40.80987274646759, -0.2816788153722882, 0.7828677538782358, -35.01491993665695], [-0.973543431609869, 0.01463830703869462, -0.2816788153722882, 1.3694600202143192, -0.015337229706346989, 0.26375269517302513], [0.04692088841693476, -1.107919728383422, 0.7828677538782358, -0.015337229706346989, 1.4732453972101212, -0.7763483328744769], [-0.2790642553009093, 0.8571994956582785, -35.01491993665695, 0.26375269517302513, -0.7763483328744769, 36.42967939376831]], "frequencies": ["(227.54457957209263+0j)", "(315.7175083056987+0j)", "(360.8914689391962+0j)", "(621.9432500223643+0j)", "(641.4711105019071+0j)", "(3239.6878671366617+0j)"]}