{"hessian": [[5.385657399892807, 2.272895723581314, -0.4892983939498663, -0.7401590002700686, -0.3452309872955084, -0.3149527474306524], [2.272895723581314, 6.138952076435089, -0.29736777069047093, -0.6181966047734022, -0.05930960178375244, -0.04769016522914171], [-0.4892983939498663, -0.29736777069047093, 9.346657991409302, 0.0009535557182971388, -0.0020420484361238778, 0.14649484073743224], [-0.7401590002700686, -0.6181966047734022, 0.0009535557182971388, 6.312911212444305, -0.8041049353778362, 3.783174231648445], [-0.3452309872955084, -0.05930960178375244, -0.0020420484361238778, -0.8041049353778362, 4.84340600669384, -0.5666466429829597], [-0.3149527474306524, -0.04769016522914171, 0.14649484073743224, 3.783174231648445, -0.5666466429829597, 9.015940129756927]], "frequencies": ["(237.82857032181113+0j)", "(244.45747370353615+0j)", "(286.9906148692231+0j)", "(366.1532850940977+0j)", "(401.9358147206594+0j)", "(450.8910125167832+0j)"]}