{"hessian": [[13.786432147026062, 0.946384621784091, -16.701501607894897, 5.3093720227479935, 1.0859356261789799, -2.5421876460313797, -6.871798634529114, 0.6253635045140982, 14.567099511623383, -7.214676961302757, -0.6293895887210965, 3.3768853172659874], [0.946384621784091, 9.736795723438263, 5.848653055727482, -1.0425937362015247, -1.755696814507246, 0.1796856871806085, 0.6045828573405743, -1.8915855325758457, -3.770347498357296, 0.7048218511044979, 0.7444777060300112, -0.5183067172765732], [-16.701501607894897, 5.848653055727482, 43.290701508522034, 5.34887257963419, 0.4545950796455145, -3.1651247292757034, 13.5422945022583, -3.635035455226898, -31.51361048221588, -2.613790985196829, -0.24705820251256227, 2.6910760439932346], [5.3093720227479935, -1.0425937362015247, 5.34887257963419, -5.92459961771965, 0.06137759191915393, -1.570175401866436, -0.8008540607988834, 0.11802988592535257, -0.31847477657720447, 1.355645153671503, 0.6075647892430425, -3.860410489141941], [1.0859356261789799, -1.755696814507246, 0.4545950796455145, 0.06137759191915393, 3.8082305341959, -1.1998794972896576, 0.03233355237171054, 0.2253534970805049, 0.024767708964645863, -1.6982313245534897, -1.792643778026104, 0.502017536200583], [-2.5421876460313797, 0.1796856871806085, -3.1651247292757034, -1.570175401866436, -1.1998794972896576, 8.009450882673264, 1.4223551843315363, -0.1171233772765845, 0.15290668234229088, 2.774530556052923, 0.05603136960417032, -2.098246105015278], [-6.871798634529114, 0.6045828573405743, 13.5422945022583, -0.8008540607988834, 0.03233355237171054, 1.4223551843315363, 8.171258866786957, -1.2935138773173094, -13.818176090717316, -0.21598965395241976, -0.07649045437574387, -0.18704439280554652], [0.6253635045140982, -1.8915855325758457, -3.635035455226898, 0.11802988592535257, 0.2253534970805049, -0.1171233772765845, -1.2935138773173094, 1.5964331105351448, 3.523475117981434, 0.19676763331517577, -0.047202897258102894, -0.004595983773469925], [14.567099511623383, -3.770347498357296, -31.51361048221588, -0.31847477657720447, 0.024767708964645863, 0.15290668234229088, -13.818176090717316, 3.523475117981434, 32.45961368083954, -0.028400548035278916, -0.018318556249141693, -0.08525648154318333], [-7.214676961302757, 0.7048218511044979, -2.613790985196829, 1.355645153671503, -1.6982313245534897, 2.774530556052923, -0.21598965395241976, 0.19676763331517577, -0.028400548035278916, 10.077255964279175, 0.3161718021146953, 0.39409189485013485], [-0.6293895887210965, 0.7444777060300112, -0.24705820251256227, 0.6075647892430425, -1.792643778026104, 0.05603136960417032, -0.07649045437574387, -0.047202897258102894, -0.018318556249141693, 0.3161718021146953, 7.013775408267975, 2.632363047450781], [3.3768853172659874, -0.5183067172765732, 2.6910760439932346, -3.860410489141941, 0.502017536200583, -2.098246105015278, -0.18704439280554652, -0.004595983773469925, -0.08525648154318333, 0.39409189485013485, 2.632363047450781, 9.656135737895966]], "frequencies": ["1360.9911755118883j", "(272.2162929636247+0j)", "(292.2920078892134+0j)", "(337.1868712118695+0j)", "(438.5003887870268+0j)", "(467.35834888453564+0j)", "(511.08282767449293+0j)", "(608.4005554961211+0j)", "(706.1231368101351+0j)", "(1012.5184446976156+0j)", "(1567.4521091687939+0j)", "(3360.0074801540923+0j)"]}