{"hessian": [[43.3400575485318, -7.153323215329616, 0.3363452878015175, -21.256974623647423, 2.866105110253935, 13.504333689179967, -21.66630067468204, 2.716325495593225, -13.497455988223528], [-7.153323215329616, 8.365791188613011, -0.5077028857433192, 2.812433331762092, -3.184838341400644, -2.0169340136602365, 2.6030619735806786, -3.115418556045925, 1.8429924570413423], [0.3363452878015175, -0.5077028857433192, 42.58917972579407, 10.882843333690772, -1.6482313925739356, -11.789285753202115, -10.810241808173963, 1.54664710667153, -11.492670437000367], [-21.256974623647423, 2.812433331762092, 10.882843333690772, 22.901818587806364, -3.331847592405068, -12.56142659908369, -1.816021584879453, 0.4316110876850631, 1.4958099694150044], [2.866105110253935, -3.184838341400644, -1.6482313925739356, -3.331847592405068, 1.5278909091099493, 1.9569501769074364, 0.4047687706812385, 0.9808565727568591, -0.22439302840122638], [13.504333689179967, -2.0169340136602365, -11.789285753202115, -12.56142659908369, 1.9569501769074364, 12.005072013770937, -1.4681770381890846, 0.20682596605174053, 0.74450148689775], [-21.66630067468204, 2.6030619735806786, -10.810241808173963, -1.816021584879453, 0.4047687706812385, -1.4681770381890846, 23.34404833154754, -3.162103361696973, 12.525591848773267], [2.716325495593225, -3.115418556045925, 1.54664710667153, 0.4316110876850631, 0.9808565727568591, 0.20682596605174053, -3.162103361696973, 1.4456156079488007, -1.764059589989865], [-13.497455988223528, 1.8429924570413423, -11.492670437000367, 1.4958099694150044, -0.22439302840122638, 0.74450148689775, 12.525591848773267, -1.764059589989865, 11.727341450288836]], "frequencies": ["181.13781564023412j", "95.15280013119029j", "(172.11072552144344+0j)", "(629.9783853812306+0j)", "(640.0379806973874+0j)", "(848.1791730553518+0j)", "(1361.156223534086+0j)", "(2996.1732029460377+0j)", "(3077.6370097168433+0j)"]}