{"hessian": [[46.004208933224646, 0.6298881357255282, -0.7847713901613904, -21.48925451099589, 5.526470545541773, -12.171190989021618, -21.16208806148017, -5.274483152462045, 12.643431934412902, -3.224111942189286, -0.18025361487985095, 0.04392086975266631, -1.4812253867326102, -0.08641477725081892, -0.12017978951640593], [0.6298881357255282, 34.47808201633804, -10.275407356321175, 6.19142852838724, -5.444330227296591, 5.243771325200485, -5.8312426865227, -5.2891063016918585, 5.181865588834624, -0.20540543155513014, -25.12336741879963, -2.279970722575589, -0.053536795575875484, 2.111229222100396, 3.6909921374892884], [-0.7847713901613904, -10.275407356321175, 23.14381081734659, -10.096336448895514, 3.9500243532309387, -9.164825773561635, 10.612164020628498, 3.9945430044686043, -9.725088435679542, 0.0782836635032523, 2.8007926621993695, -2.655306789818008, -0.022529291450767507, -0.6822229405735025, -0.7301354479840652], [-21.48925451099589, 6.19142852838724, -10.096336448895514, 23.143926516988852, -6.798517406830066, 11.281402890237507, -1.779441214652258, 0.768624862308515, -1.2584778643546066, -0.011042888077722881, -0.1761334220638901, 0.09664134007483359, 0.13184617011074068, 0.05574151653667825, 0.06258065094569865], [5.526470545541773, -5.444330227296591, 3.9500243532309387, -6.798517406830066, 6.477495893869811, -4.261667767410402, -0.7333878934830916, 0.1826126020303308, -0.39872025049431326, 2.1418831995408274, -1.1038002981716475, 1.5040889215943452, -0.6488500215400117, -0.2037085034686813, -0.7425410207372695], [-12.171190989021618, 5.243771325200485, -9.164825773561635, 11.281402890237507, -4.261667767410402, 9.763262889866732, 1.3107033973182265, -0.4434381622269783, 0.8258190521313198, -0.15853422092488823, 0.065518136307468, -0.0014783843177394208, -0.7906849274323479, -0.5366085130340759, -1.1004192975145566], [-21.16208806148017, -5.8312426865227, 10.612164020628498, -1.779441214652258, -0.7333878934830916, 1.3107033973182265, 22.95342062825337, 6.528731552116335, -11.816410891553682, -0.025370360443988493, 0.1759855836321162, -0.0845764384904994, 0.13676983266460313, -0.07206802161084358, -0.10576875629739854], [-5.274483152462045, -5.2891063016918585, 3.9945430044686043, 0.768624862308515, 0.1826126020303308, -0.4434381622269783, 6.528731552116335, 6.2011537260948035, -4.391996986655984, -2.1152272875161957, -1.0588702704281763, 1.5683472173527828, 0.6325685107711687, -0.1436925279263655, -0.6263978631840825], [12.643431934412902, 5.181865588834624, -9.725088435679542, -1.2584778643546066, -0.39872025049431326, 0.8258190521313198, -11.816410891553682, -4.391996986655984, 10.245936086334934, 0.14380822756862333, 0.033392202307200566, 0.005984242607892914, 0.7390828869853399, -0.42550471767700904, -0.9358622674343562], [-3.224111942189286, -0.20540543155513014, 0.0782836635032523, -0.011042888077722881, 2.1418831995408274, -0.15853422092488823, -0.025370360443988493, -2.1152272875161957, 0.14380822756862333, 3.433219762296668, 0.19861129145143208, -0.01816484383448482, -0.2257364298029983, -0.014905970577554955, -0.02688731130914718], [-0.18025361487985095, -25.12336741879963, 2.8007926621993695, -0.1761334220638901, -1.1038002981716475, 0.065518136307468, 0.1759855836321162, -1.0588702704281763, 0.033392202307200566, 0.19861129145143208, 26.45220352116283, -1.1500287330115677, -0.0038116604366062335, 0.25962356946874654, -0.005431455428216309], [0.04392086975266631, -2.279970722575589, -2.655306789818008, 0.09664134007483359, 1.5040889215943452, -0.0014783843177394208, -0.0845764384904994, 1.5683472173527828, 0.005984242607892914, -0.01816484383448482, -1.1500287330115677, 3.6602995935014384, -0.011184298751593623, 0.750517868295159, 1.1569128617259108], [-1.4812253867326102, -0.053536795575875484, -0.022529291450767507, 0.13184617011074068, -0.6488500215400117, -0.7906849274323479, 0.13676983266460313, 0.6325685107711687, 0.7390828869853399, -0.2257364298029983, -0.0038116604366062335, -0.011184298751593623, 3.9508728172741634, -0.03757667270219331, 0.40546939629268886], [-0.08641477725081892, 2.111229222100396, -0.6822229405735025, 0.05574151653667825, -0.2037085034686813, -0.5366085130340759, -0.07206802161084358, -0.1436925279263655, -0.42550471767700904, -0.014905970577554955, 0.25962356946874654, 0.750517868295159, -0.03757667270219331, -1.6567031774903727, -3.6917891794692874], [-0.12017978951640593, 3.6909921374892884, -0.7301354479840652, 0.06258065094569865, -0.7425410207372695, -1.1004192975145566, -0.10576875629739854, -0.6263978631840825, -0.9358622674343562, -0.02688731130914718, -0.005431455428216309, 1.1569128617259108, 0.40546939629268886, -3.6917891794692874, 2.9838294962513126]], "frequencies": ["1107.2880881599415j", "138.42934454268604j", "(82.98990739552514+0j)", "(235.88405232075877+0j)", "(277.64210352119335+0j)", "(521.1589079787111+0j)", "(709.4302202028337+0j)", "(1066.1523645386628+0j)", "(1153.0512089747406+0j)", "(1270.8700683573827+0j)", "(1366.453236305594+0j)", "(1418.4336722828255+0j)", "(2772.846990269114+0j)", "(3029.8393028843498+0j)", "(3094.4430639427883+0j)"]}