{"hessian": [[44.92412706171586, 3.284262900647569, 4.676168163557108, -23.185944770402166, -1.2175201909953224, -12.761985501179797, -12.352922988219209, -11.123723561113746, 5.146230099019201, -10.254266460577501, 10.818585037932335, 2.9058415096116086, 0.4354420313953791, -0.5906145349368861, -2.4554999353965776], [3.284262900647569, 48.96968075290437, -4.206961119896142, -1.035987452292732, -4.2178754528158, 0.11166301029464629, -11.275206531618807, -20.00530375491232, 7.80329809450269, 11.082470210890913, -23.92540046734589, -4.696981243647717, -0.7657516545257779, -0.02873850558527324, 2.3620467632417386], [4.676168163557108, -4.206961119896142, 23.721537697687534, -10.951286099844204, -0.23440747521443495, -9.332178878329735, 4.34018283019817, 6.35964295271437, -5.506280957967775, 1.3120532264779015, -2.0298473792877942, -2.592783988693438, -0.002500397824350552, 0.09498940629370743, -0.6537608285780676], [-23.185944770402166, -1.035987452292732, -10.951286099844204, 25.434175224451682, 0.8332109737200166, 11.838560945288158, -1.312747424331449, 0.1271667623572003, -0.8069085883800619, -1.2295915203375598, -0.14487523538055685, -0.7409019424719498, 0.16194093261359216, 0.14027938847975857, 0.6059190265044403], [-1.2175201909953224, -4.2178754528158, -0.23440747521443495, 0.8332109737200166, 4.20035981252954, 0.5487376921974421, -2.0008774744180053, -0.03724885704912939, -1.1893858946529514, 2.3715598449384965, 0.07556472191019248, 1.297783603932765, -0.027067288530437262, -0.02348059962044346, -0.5014101107560718], [-12.761985501179797, 0.11166301029464629, -9.332178878329735, 11.838560945288158, 0.5487376921974421, 10.442831166426208, 0.8933747876941066, 0.05089498707765426, 0.5703092477206306, 0.298588637878034, -0.02712513835156625, 0.251736710521502, -0.04600346331330785, -0.5248649993449025, -1.9636414728846827], [-12.352922988219209, -11.275206531618807, 4.34018283019817, -1.312747424331449, -2.0008774744180053, 0.8933747876941066, 12.822245731522433, 12.268095867170484, -4.661133637821489, 0.8479112560446687, 1.232143340225136, -0.5268704598107055, -0.08084833890663498, -0.16868365065406432, -0.131229105352032], [-11.123723561113746, -20.00530375491232, 6.35964295271437, 0.1271667623572003, -0.03724885704912939, 0.05089498707765426, 12.268095867170484, 21.428910719800513, -7.003614306005841, -1.4905777744817876, -1.5971821393066041, 0.8051666659882906, 0.2067938272622245, 0.15099446090441737, -0.1023877556403076], [5.146230099019201, 7.80329809450269, -5.506280957967775, -0.8069085883800619, -1.1893858946529514, 0.5703092477206306, -4.661133637821489, -7.003614306005841, 5.928141136913662, -0.25795235241391046, -0.33605603869587286, 0.14063291516443524, 0.294243473535461, 0.3244282246489573, -0.287211506389344], [-10.254266460577501, 11.082470210890913, 1.3120532264779015, -1.2295915203375598, 2.3715598449384965, 0.298588637878034, 0.8479112560446687, -1.4905777744817876, -0.25795235241391046, 10.417068712750122, -11.844744448391051, -1.2397923721299615, 0.0659616516027896, -0.18578791443451875, -0.46153872848243094], [10.818585037932335, -23.92540046734589, -2.0298473792877942, -0.14487523538055685, 0.07556472191019248, -0.02712513835156625, 1.232143340225136, -1.5971821393066041, -0.33605603869587286, -11.844744448391051, 25.417475909419128, 2.6960330638927763, -0.1357863857054113, 0.05981028728941299, -0.2278897287005753], [2.9058415096116086, -4.696981243647717, -2.592783988693438, -0.7409019424719498, 1.297783603932765, 0.251736710521502, -0.5268704598107055, 0.8051666659882906, 0.14063291516443524, -1.2397923721299615, 2.6960330638927763, 3.0895789692750015, -0.3024645758936726, 0.0638983413158576, 0.9850474709097551], [0.4354420313953791, -0.7657516545257779, -0.002500397824350552, 0.16194093261359216, -0.027067288530437262, -0.04600346331330785, -0.08084833890663498, 0.2067938272622245, 0.294243473535461, 0.0659616516027896, -0.1357863857054113, -0.3024645758936726, 2.390316042500077, -1.0887014948569957, 5.253220129318211], [-0.5906145349368861, -0.02873850558527324, 0.09498940629370743, 0.14027938847975857, -0.02348059962044346, -0.5248649993449025, -0.16868365065406432, 0.15099446090441737, 0.3244282246489573, -0.18578791443451875, 0.05981028728941299, 0.0638983413158576, -1.0887014948569957, 1.0858025760426462, -3.233843567654753], [-2.4554999353965776, 2.3620467632417386, -0.6537608285780676, 0.6059190265044403, -0.5014101107560718, -1.9636414728846827, -0.131229105352032, -0.1023877556403076, -0.287211506389344, -0.46153872848243094, -0.2278897287005753, 0.9850474709097551, 5.253220129318211, -3.233843567654753, 3.8218162940934177]], "frequencies": ["983.9229665210246j", "105.08684519313195j", "81.86130147807373j", "(126.71686269754304+0j)", "(254.68586606201495+0j)", "(412.4700502917654+0j)", "(726.2930169439331+0j)", "(817.3441851223138+0j)", "(1184.0856719831356+0j)", "(1401.4329790338336+0j)", "(1430.126660602674+0j)", "(1650.878934894653+0j)", "(2996.325712279839+0j)", "(3081.062824118498+0j)", "(3116.899610074901+0j)"]}