{"hessian": [[66.5486216545105, 0.09451652877032757, -7.751898367658328e-06, -33.283157646656036, -25.583894550800323, 1.7903221349868659e-06, -33.26532989740372, 25.490090250968933, -1.9546656404578755e-06], [0.09451652877032757, 43.821343779563904, 2.200022575227223e-06, -19.832798093557358, -21.96316495537758, -1.1041527608890433e-06, 19.738362729549408, -21.85899317264557, -4.797877040108034e-06], [-7.751898367658328e-06, 2.200022575227223e-06, -0.015043195162434131, 2.525883613380131e-06, 1.7199170310178147e-06, 0.01872368884505704, 5.5060692893960095e-06, -3.2253738013743316e-06, -0.003263251346652396], [-33.283157646656036, -19.832798093557358, 2.525883613380131e-06, 36.243823170661926, 22.710099071264267, -3.6235141553930816e-07, -2.96074990183115, -2.8778093867003918, -3.7584220957675996e-06], [-25.583894550800323, -21.96316495537758, 1.7199170310178147e-06, 22.710099071264267, 20.795300602912903, 1.5459751034896385e-06, 2.8735732659697533, 1.1679929681122303, 2.027646406332906e-06], [1.7903221349868659e-06, -1.1041527608890433e-06, 0.01872368884505704, -3.6235141553930816e-07, 1.5459751034896385e-06, -0.014539840049110353, -1.4155462579878986e-06, -2.9398943279801415e-07, -0.004392199844005518], [-33.26532989740372, 19.738362729549408, 5.5060692893960095e-06, -2.96074990183115, 2.8735732659697533, -1.4155462579878986e-06, 36.22602820396423, -22.61214107275009, 5.443891870626771e-06], [25.490090250968933, -21.85899317264557, -3.2253738013743316e-06, -2.8778093867003918, 1.1679929681122303, -2.9398943279801415e-07, -22.61214107275009, 20.691688358783722, 1.3985612890010657e-06], [-1.9546656404578755e-06, -4.797877040108034e-06, -0.003263251346652396, -3.7584220957675996e-06, 2.027646406332906e-06, -0.004392199844005518, 5.443891870626771e-06, 1.3985612890010657e-06, 0.007446593372151256]], "frequencies": ["67.04112511546133j", "64.1334914572855j", "0.11617800558293341j", "(0.08662477745866141+0j)", "(0.21041757574018058+0j)", "(48.22079648033041+0j)", "(1619.2081444032224+0j)", "(3821.9870475727753+0j)", "(3923.4155521552857+0j)"]}