{"hessian": [[27.09055701404689, -14.751408711014271, 11.39694183854779, -6.439681394125199, 2.929894179685438, 2.589216583057154, -2.3698436335783377, 1.7389334843461985, 3.2147659821980117, -18.95084292640575, 10.667809120796628, -16.664033069421137], [-14.751408711014271, 9.663491231693035, -6.354847845318572, 2.9166529984048157, -3.0317162926302625, -1.4803383561419667, 1.7485686934431175, -0.3494064918608499, -1.8632720332259844, 10.64382072830183, -6.203101336739479, 9.424584325946348], [11.39694183854779, -6.354847845318572, 47.044194450933176, 8.053845669812098, -4.679067082371457, -18.739504674305948, 1.1728665568416896, -0.677897059504639, -1.4096587302382173, -20.21914883259437, 11.461695071664776, -24.070854200937738], [-6.439681394125199, 2.9166529984048157, 8.053845669812098, 21.906004622408727, -8.243503094504351, -2.523981268097427, -7.977111095963519, 3.8768443295028394, -5.803269084127908, 0.5555961098801722, -0.11350134905496587, -1.5186799320346425], [2.929894179685438, -3.0317162926302625, -4.679067082371457, -8.243503094504351, 9.27988264002918, 1.1502087102328578, 3.905936361772789, -3.4906132126144724, 3.372091784637096, -0.1082884373954587, 0.43985790107488754, 0.8702348592425333], [2.589216583057154, -1.4803383561419667, -18.739504674305948, -2.523981268097427, 1.1502087102328578, 34.02482224003495, -6.427757903194886e-06, 0.010933616193368252, -4.34378237462397, 1.812846272475265, -1.0239996838032366, -2.9920891651569437], [-2.3698436335783377, 1.7485686934431175, 1.1728665568416896, -7.977111095963519, 3.905936361772789, -6.427757903194886e-06, 10.31428886387772, -5.287602206342506, 1.8037252840106033, 0.05013651164507496, -0.05867900189844728, -0.17486715375695688], [1.7389334843461985, -0.3494064918608499, -0.677897059504639, 3.8768443295028394, -3.4906132126144724, 0.010933616193368252, -5.287602206342506, 4.1247308130403155, -1.0441121382823952, -0.051544190625878984, -0.010046585602724648, 0.10152643608127676], [3.2147659821980117, -1.8632720332259844, -1.4096587302382173, -5.803269084127908, 3.372091784637096, -4.34378237462397, 1.8037252840106033, -1.0441121382823952, 9.785220110864115, 0.38662963787836635, -0.21534917303140333, 0.25948858655277895], [-18.95084292640575, 10.64382072830183, -20.21914883259437, 0.5555961098801722, -0.1082884373954587, 1.812846272475265, 0.05013651164507496, -0.051544190625878984, 0.38662963787836635, 18.19380731159673, -10.267629769258285, 18.09726881564835], [10.667809120796628, -6.203101336739479, 11.461695071664776, -0.11350134905496587, 0.43985790107488754, -1.0239996838032366, -0.05867900189844728, -0.010046585602724648, -0.21534917303140333, -10.267629769258285, 5.954289256063938, -10.25376509546105], [-16.664033069421137, 9.424584325946348, -24.070854200937738, -1.5186799320346425, 0.8702348592425333, -2.9920891651569437, -0.17486715375695688, 0.10152643608127676, 0.25948858655277895, 18.09726881564835, -10.25376509546105, 27.3614998651832]], "frequencies": ["(99.62323499717468+0j)", "(113.34803494187135+0j)", "(156.28204447303975+0j)", "(276.8298569835195+0j)", "(317.7945957885007+0j)", "(503.76294610066674+0j)", "(590.5266476937962+0j)", "(1025.9575557917822+0j)", "(1223.0806469760182+0j)", "(1582.4904765213796+0j)", "(2029.548568762701+0j)", "(3651.370172662709+0j)"]}