{"hessian": [[7.749253506052462, -0.10268986026175864, 5.445667200940459, -1.9820569992773929, -0.4635698999798468, -4.489666767995332, 1.3650950846952297, 0.9888976978937807, 1.5152475093143258], [-0.10268986026175864, 6.961840307392849, 2.700796032499058, -0.47328224217160425, -1.342919319929139, -2.218797750610695, 1.0000755688874712, 0.23357186668701707, 0.8803392946663872], [5.445667200940459, 2.700796032499058, 45.82396174610269, -3.6337593811190643, -1.7247667059275136, -30.165994915934824, -2.5900136250371517, -1.491696204356947, -2.56557528948913], [-1.9820569992773929, -0.47328224217160425, -3.6337593811190643, 3.343629672641661, 1.0162413800140562, 4.4884904882990435, -1.010096443458583, -0.6144229502103935, -1.1884860085465014], [-0.4635698999798468, -1.342919319929139, -1.7247667059275136, 1.0162413800140562, 2.034861030452302, 2.207632735132811, -0.6177396732884523, -0.2777177079662959, -0.6811944993089881], [-4.489666767995332, -2.218797750610695, -30.165994915934824, 4.4884904882990435, 2.207632735132811, 30.995368518186616, -0.10321693640982223, -0.06314629364118157, 0.06903411988052635], [1.3650950846952297, 1.0000755688874712, -2.5900136250371517, -1.010096443458583, -0.6177396732884523, -0.10321693640982223, -0.9723783600825188, -0.8843887821454124, -1.1447515437730287], [0.9888976978937807, 0.23357186668701707, -1.491696204356947, -0.6144229502103935, -0.2777177079662959, -0.06314629364118157, -0.8843887821454124, 0.030994648609301453, -0.6868509262638169], [1.5152475093143258, 0.8803392946663872, -2.56557528948913, -1.1884860085465014, -0.6811944993089881, 0.06903411988052635, -1.1447515437730287, -0.6868509262638169, 12.578389452190272]], "frequencies": ["794.3767000601656j", "(345.36497334467634+0j)", "(379.0904691454747+0j)", "(402.1480652484894+0j)", "(601.5859175586995+0j)", "(655.1380474176079+0j)", "(970.6814489003165+0j)", "(1867.4126887538885+0j)", "(3050.960155517301+0j)"]}