{"hessian": [[30.22724986076355, -22.531334310770035, -0.9277466218918562, -15.049758553504944, 12.71374225616455, -12.157700583338737, -12.886343896389008, 10.720580071210861, 13.128076493740082, -0.1670871744863689, 0.04557089414447546, -0.03334074281156063], [-22.531334310770035, 26.02446675300598, 0.46907353680580854, 12.754356116056442, -12.545746564865112, 11.052210256457329, 10.790801420807838, -10.964002087712288, -12.01530322432518, 0.0875588390044868, -0.12461768928915262, 0.014085369184613228], [-0.9277466218918562, 0.46907353680580854, 37.70146369934082, -9.577836096286774, 8.710728585720062, -12.92666420340538, 10.72656586766243, -9.851066768169403, -17.16896891593933, 0.016308945487253368, 0.10541148949414492, 0.12010039063170552], [-15.049758553504944, 12.754356116056442, -9.577836096286774, 16.380035877227783, -13.665350526571274, 11.057189851999283, -1.1399336624890566, 0.9995181579142809, -1.2092898599803448, 0.017064649728126824, 0.05490980111062527, -0.012927537318319082], [12.71374225616455, -12.545746564865112, 8.710728585720062, -13.665350526571274, 13.691812753677368, -10.094751417636871, 1.0091092437505722, -0.8872911799699068, 1.063835108652711, -0.012889006757177413, 0.023780064657330513, 0.08678430458530784], [-12.157700583338737, 11.052210256457329, -12.92666420340538, 11.057189851999283, -10.094751417636871, 12.962573766708374, 1.4130946714431047, -1.2834149412810802, 0.7987827528268099, -0.01002846984192729, -0.01861314522102475, 0.015018507838249207], [-12.886343896389008, 10.790801420807838, 10.72656586766243, -1.1399336624890566, 1.0091092437505722, 1.4130946714431047, 14.162096381187439, -11.67781725525856, -12.19935193657875, 0.02315521996933967, -0.055793754290789366, 0.1290472922846675], [10.720580071210861, -10.964002087712288, -9.851066768169403, 0.9995181579142809, -0.8872911799699068, -1.2834149412810802, -11.67781725525856, 12.013518065214157, 11.250468343496323, -0.06514533015433699, -0.001490139402449131, -0.1007004757411778], [13.128076493740082, -12.01530322432518, -17.16896891593933, -1.2092898599803448, 1.063835108652711, 0.7987827528268099, -12.19935193657875, 11.250468343496323, 17.334923148155212, 0.04980027733836323, -0.026844243984669447, 0.0525072799064219], [-0.1670871744863689, 0.0875588390044868, 0.016308945487253368, 0.017064649728126824, -0.012889006757177413, -0.01002846984192729, 0.02315521996933967, -0.06514533015433699, 0.04980027733836323, -0.2746748272329569, -3.660578466951847, 0.6179182790219784], [0.04557089414447546, -0.12461768928915262, 0.10541148949414492, 0.05490980111062527, 0.023780064657330513, -0.01861314522102475, -0.055793754290789366, -0.001490139402449131, -0.026844243984669447, -3.660578466951847, 5.533808469772339, -0.72750358376652], [-0.03334074281156063, 0.014085369184613228, 0.12010039063170552, -0.012927537318319082, 0.08678430458530784, 0.015018507838249207, 0.1290472922846675, -0.1007004757411778, 0.0525072799064219, 0.6179182790219784, -0.72750358376652, 14.79402780532837]], "frequencies": ["186.81173801666299j", "(151.99013061745234+0j)", "(256.3812229200959+0j)", "(349.4200372351775+0j)", "(400.4741489005682+0j)", "(503.06117762895803+0j)", "(572.8704217823926+0j)", "(598.4120992044712+0j)", "(634.7019355249845+0j)", "(1412.1401068551297+0j)", "(3263.9169092726843+0j)", "(3344.6234727858855+0j)"]}