{"hessian": [[1.970030664240478, -0.11875282726189221, 1.3685660739629655, -3.2872710913462737, 0.08819526619000947, -1.356726143905244, 0.011216437541109684, 0.004210181426605531, -0.04671051668266146], [-0.11875282726189221, 2.302782835374099, -5.680781729524249, 0.08604839505033565, -3.5013989903760656, 5.414094054119869, 0.006762001314181924, 0.01113287668836802, -0.019893910710449582], [1.3685660739629655, -5.680781729524249, 95.33244287748613, -1.2725546541626471, 5.4217045194772755, -90.02488891061205, -0.056782813316998956, -0.040347036358478805, 0.13895527035169616], [-3.2872710913462737, 0.08604839505033565, -1.2725546541626471, 6.246379430701823, -0.049262336570237694, 1.3156270598720892, -0.0730450408121322, -0.030461144703334803, 0.05407672723974559], [0.08819526619000947, -3.5013989903760656, 5.4217045194772755, -0.049262336570237694, 4.059566203417524, -6.026106595116556, -0.033996411550102704, -0.015227358472716043, 0.056596408337805784], [-1.356726143905244, 5.414094054119869, -90.02488891061205, 1.3156270598720892, -6.026106595116556, 101.86758290423197, 0.04683264408282255, 0.042204658392507824, -0.13324742133364148], [0.011216437541109684, 0.006762001314181924, -0.056782813316998956, -0.0730450408121322, -0.033996411550102704, 0.04683264408282255, 2.373770993657202, 0.24179939680313212, -0.2413301704761974], [0.004210181426605531, 0.01113287668836802, -0.040347036358478805, -0.030461144703334803, -0.015227358472716043, 0.042204658392507824, 0.24179939680313212, 1.5232500679038279, -0.4005585892546329], [-0.04671051668266146, -0.019893910710449582, 0.13895527035169616, 0.05407672723974559, 0.056596408337805784, -0.13324742133364148, -0.2413301704761974, -0.4005585892546329, 4.0309241142008]], "frequencies": ["92.68383842162802j", "(57.33634046664289+0j)", "(354.0258165829586+0j)", "(405.78597943882414+0j)", "(413.33184626831513+0j)", "(618.2759531640933+0j)", "(800.335324453178+0j)", "(1056.401786423666+0j)", "(1943.4593815457536+0j)"]}