{"hessian": [[11.133429475547599, -2.160967212755472, 0.032286627947847577, -0.2567760727176222, 0.05442382616651928, -0.00722479988321317], [-2.160967212755472, 10.27270127024392, 0.6473266429169497, 0.02663020099301866, 2.4036343568755374, 1.577873154565347], [0.032286627947847577, 0.6473266429169497, 11.45826264894446, -0.0017162113601583092, -2.3780775914523558, -1.1757783311718462], [-0.2567760727176222, 0.02663020099301866, -0.0017162113601583092, 0.5825734097999644, 0.016140100094972194, 0.009210977075306779], [0.05442382616651928, 2.4036343568755374, -2.3780775914523558, 0.016140100094972194, -2.804443628688396, -0.8304856043690536], [-0.00722479988321317, 1.577873154565347, -1.1757783311718462, 0.009210977075306779, -0.8304856043690536, 11.064922431815136]], "frequencies": ["916.4909069685423j", "(390.65087383472775+0j)", "(460.07765418602537+0j)", "(534.7977952585907+0j)", "(560.4027106742311+0j)", "(1733.5792012702248+0j)"]}