{"hessian": [[3.5347012040726224, 0.022593569029799795, -0.06348053705214873, -1.2306842391811061, -0.010085152150143904, 0.03264658239042771, 0.3048235630441524, 0.006871273198536558, 0.026328096371567536], [0.022593569029799795, 4.782367579634022, 12.552787692461768, -0.01703355844351902, -5.951371053975879, -12.35096252205873, 0.004409441921605353, 2.9332109027634967, 4.990691213277212], [-0.06348053705214873, 12.552787692461768, 48.1109708635823, 0.03157957457849399, -12.577058906304305, -41.05867271921751, 0.008857450390629929, 0.1480634033005515, -0.27839905030403667], [-1.2306842391811061, -0.01703355844351902, 0.03157957457849399, 0.5076900302275127, -0.024708301379957436, -0.08597768971340045, -0.24289854340458167, 0.015593740673198943, -0.00023139928451573148], [-0.010085152150143904, -5.951371053975879, -12.577058906304305, -0.024708301379957436, 5.017777785081358, 13.290475755982111, 0.010342262466272512, 1.4366103191263968, 0.004807962911604672], [0.03264658239042771, -12.35096252205873, -41.05867271921751, -0.08597768971340045, 13.290475755982111, 40.98352580157103, -0.0029439131196724627, -0.8668795696170551, -0.34147463860828275], [0.3048235630441524, 0.004409441921605353, 0.008857450390629929, -0.24289854340458167, 0.010342262466272512, -0.0029439131196724627, 0.6027308585844459, -0.013524002628363814, -0.0439658640579888], [0.006871273198536558, 2.9332109027634967, 0.1480634033005515, 0.015593740673198943, 1.4366103191263968, -0.8668795696170551, -0.013524002628363814, -3.8268556562895384, -3.858685913426258], [0.026328096371567536, 4.990691213277212, -0.27839905030403667, -0.00023139928451573148, 0.004807962911604672, -0.34147463860828275, -0.0439658640579888, -3.858685913426258, 0.8509323022591797]], "frequencies": ["1331.7260972868867j", "(65.31633504097951+0j)", "(169.12049534822253+0j)", "(320.0377825848763+0j)", "(332.49871194924214+0j)", "(467.4335176633272+0j)", "(494.79889328774664+0j)", "(961.4589938477575+0j)", "(3606.341455299199+0j)"]}