{"hessian": [[49.96342498025717, -0.6671755593220766, 0.06020238052150935, -3.3162602794897724, 0.0007070533693536115, -0.020286003942545712, -20.25286242279673, 9.430690695954404, 7.160676570370892, -3.9882438017234536, -0.006267063955634378, 0.009834469591918554, -20.11321295459149, -9.290173480432225, -7.083678458448285], [-0.6671755593220766, 50.74510461886712, -0.1008322382277296, 0.0016197949916100878, -3.326159026660723, -0.0023397038767701103, 9.380522045519813, -9.415180516133946, -4.119787867212743, 0.04937803621249563, -25.674155565768203, 8.245784948559994, -9.289723537379, -9.392143431808822, -4.089352433541022], [0.06020238052150935, -0.1008322382277296, 39.96065097540086, 0.016994991896099754, 0.030570416587689275, -18.11454020113429, 6.641615836412593, -3.840842457486933, -6.68067732119043, -0.012688394100945887, 7.647604942571023, -6.67068215765093, -6.5053537966223445, -3.7544855300572437, -6.633632561096801], [-3.3162602794897724, 0.0016197949916100878, 0.016994991896099754, 7.341887921178324, -0.8789187601697765, -0.25237305855392017, 0.07950493750486312, -0.13050919646687195, 1.9025070674672073, -0.1758248896845359, 0.01333116989126738, 0.0020183159816094093, 0.07412490413987234, 0.15719081952311637, -1.9116023449002562], [0.0007070533693536115, -3.326159026660723, 0.030570416587689275, -0.8789187601697765, 8.292797569864105, -0.1716018527421238, -0.13366522559735056, -0.10515169153868989, -1.0889586051731246, 0.016377927137391165, 0.14718922822571429, 2.200658617807823, 0.15766004585005106, -0.10450248799046519, -1.0992430178182682], [-0.020286003942545712, -0.0023397038767701103, -18.11454020113429, -0.25237305855392017, -0.1716018527421238, 36.61585145082081, 0.23715212783910755, -0.12975072103429267, -1.7239953749791277, 0.004672979995637134, 0.2701329536405026, -1.7166613032115596, -0.23303836278105028, -0.1344944063668651, -1.7327692645170156], [-20.25286242279673, 9.380522045519813, 6.641615836412593, 0.07950493750486312, -0.13366522559735056, 0.23715212783910755, 22.086303231593902, -10.397978271777577, -7.586181288047902, 0.0039016490472513956, -0.07259509775890725, -0.05944390508892988, -1.9546876061255043, 1.1984940276018068, 0.8246813389824508], [9.430690695954404, -9.415180516133946, -3.840842457486933, -0.13050919646687195, -0.10515169153868989, -0.12975072103429267, -10.397978271777577, 10.039322236294002, 4.365289652568126, 2.3280246406600225, -1.2975714879219589, -0.9855488360262059, -1.1986997158547097, 0.6595972327541866, 0.5466165320893813], [7.160676570370892, -4.119787867212743, -6.68067732119043, 1.9025070674672073, -1.0889586051731246, -1.7239953749791277, -7.586181288047902, 4.365289652568126, 7.782163626516921, -0.8816762683102557, 0.4387973210208572, 0.3888536421128787, -0.820978950430199, 0.5425799001261624, 0.39089124136819775], [-3.9882438017234536, 0.04937803621249563, -0.012688394100945887, -0.1758248896845359, 0.016377927137391165, 0.004672979995637134, 0.0039016490472513956, 2.3280246406600225, -0.8816762683102557, 4.043432531080455, 0.004248747974025004, -0.005675710228538562, 0.007674742936438421, -2.330660021400341, 0.8822097722162225], [-0.006267063955634378, -25.674155565768203, 7.647604942571023, 0.01333116989126738, 0.14718922822571429, 0.2701329536405026, -0.07259509775890725, -1.2975714879219589, 0.4387973210208572, 0.004248747974025004, 28.095678372888386, -8.741615765456075, 0.06697080959359446, -1.3040506678883994, 0.44013429466472587], [0.009834469591918554, 8.245784948559994, -6.67068215765093, 0.0020183159816094093, 2.200658617807823, -1.7166613032115596, -0.05944390508892988, -0.9855488360262059, 0.3888536421128787, -0.005675710228538562, -8.741615765456075, 7.773691841600483, 0.060665179090540686, -0.9833826816128224, 0.3913668954530356], [-20.11321295459149, -9.289723537379, -6.5053537966223445, 0.07412490413987234, 0.15766004585005106, -0.23303836278105028, -1.9546876061255043, -1.1986997158547097, -0.820978950430199, 0.007674742936438421, 0.06697080959359446, 0.060665179090540686, 21.94583101037704, 10.356364967112164, 7.472570667108582], [-9.290173480432225, -9.392143431808822, -3.7544855300572437, 0.15719081952311637, -0.10450248799046519, -0.1344944063668651, 1.1984940276018068, 0.6595972327541866, 0.5425799001261624, -2.330660021400341, -1.3040506678883994, -0.9833826816128224, 10.356364967112164, 10.0039310012789, 4.3136426178157965], [-7.083678458448285, -4.089352433541022, -6.633632561096801, -1.9116023449002562, -1.0992430178182682, -1.7327692645170156, 0.8246813389824508, 0.5466165320893813, 0.39089124136819775, 0.8822097722162225, 0.44013429466472587, 0.3913668954530356, 7.472570667108582, 4.3136426178157965, 7.748996395736332]], "frequencies": ["34.89502843185479j", "(193.02784745483598+0j)", "(226.17718767950373+0j)", "(316.9651893290155+0j)", "(375.74630686721264+0j)", "(378.2223594322692+0j)", "(965.8929353584829+0j)", "(971.4798640890662+0j)", "(1072.8899691558406+0j)", "(1354.583881072994+0j)", "(1432.2419131042623+0j)", "(1432.6640860226871+0j)", "(2965.229067994004+0j)", "(3027.6707592438634+0j)", "(3035.3080124588364+0j)"]}