{"hessian": [[4.004412144422531, 0.0576324004214257, 0.19777516135945916, -1.2711530551314354, -0.0002790649887174368, -0.12664137175306678], [0.0576324004214257, 5.04801869392395, -5.674799531698227, -0.008473836351186037, -2.0260466262698174, 6.677721440792084], [0.19777516135945916, -5.674799531698227, 48.17914962768555, -0.1284444413613528, 6.9190796464681625, -42.90149211883545], [-1.2711530551314354, -0.008473836351186037, -0.1284444413613528, 1.0392130352556705, -0.007947257836349308, 0.12460571015253663], [-0.0002790649887174368, -2.0260466262698174, 6.9190796464681625, -0.007947257836349308, 1.9837450236082077, -6.695576012134552], [-0.12664137175306678, 6.677721440792084, -42.90149211883545, 0.12460571015253663, -6.695576012134552, 43.532198667526245]], "frequencies": ["(193.693900482771+0j)", "(197.31048370355575+0j)", "(318.3081832488811+0j)", "(521.3790197642525+0j)", "(557.816383245565+0j)", "(3573.702195571878+0j)"]}