{"hessian": [[5.57173481669621, -0.6597065046385413, -0.2883299362645035, -1.2697392962010392, 0.14778700971071324, 0.547150035995348, 0.22395594086380788, -0.099887357815957, -0.2120195944375381], [-0.6597065046385413, 7.137742330172222, 2.7728447708361923, 0.11016534270319742, -1.4008398463950067, -2.3152141191589157, -0.407121330073815, 1.4101665231125713, 2.862068478290716], [-0.2883299362645035, 2.7728447708361923, 47.57475444378032, 0.2943720286935253, -1.3491671006110635, -30.914468757216756, 0.7457934662362963, -2.3190836294166512, -2.0222433416882915], [-1.2697392962010392, 0.11016534270319742, 0.2943720286935253, 1.5995346986991807, -0.20637602299851554, -0.5198706314541046, 0.18472733438048833, 0.1272181844204261, 0.2031492885311017], [0.14778700971071324, -1.4008398463950067, -1.3491671006110635, -0.20637602299851554, 2.601776422000035, 2.31770166146746, 0.22936811301831467, -0.8342329872266276, -1.2402101763936706], [0.547150035995348, -2.3152141191589157, -30.914468757216756, -0.5198706314541046, 2.31770166146746, 32.05142343065319, 0.0062927749872472225, -0.00656916857708547, -0.12591334956607336], [0.22395594086380788, -0.407121330073815, 0.7457934662362963, 0.18472733438048833, 0.22936811301831467, 0.0062927749872472225, 0.369557512887428, 1.0543708398959262, -1.4659401784387653], [-0.099887357815957, 1.4101665231125713, -2.3190836294166512, 0.1272181844204261, -0.8342329872266276, -0.00656916857708547, 1.0543708398959262, -0.35199687829584536, -3.0350265879504184], [-0.2120195944375381, 2.862068478290716, -2.0222433416882915, 0.2031492885311017, -1.2402101763936706, -0.12591334956607336, -1.4659401784387653, -3.0350265879504184, 4.217303382362414]], "frequencies": ["831.5796419965222j", "231.65534422232076j", "(318.47903077188124+0j)", "(396.1644717884676+0j)", "(609.3442735578082+0j)", "(673.3677121082748+0j)", "(886.1205010398056+0j)", "(1326.4923041603706+0j)", "(3066.698039714342+0j)"]}