{"hessian": [[7.285850727778096, -2.7056039954106628, 20.87071136796954, -6.9017600542715005, 2.21452971936296, -19.244938561509436, 0.004917234795959288, 0.03735170117558082, 0.015600168431102148], [-2.7056039954106628, 2.7900840175326143, -9.801315216653764, 2.1231912795582786, -2.5199703471658212, 9.062290179489555, -0.027504376067855878, -0.1405879208591126, -0.03928002854654525], [20.87071136796954, -9.801315216653764, 77.74168781236901, -21.313911703154098, 10.235368852342049, -72.13290982687658, -0.002982479667091621, 0.02610955260285825, 0.022927812440766936], [-6.9017600542715005, 2.1231912795582786, -21.313911703154098, 7.346181663457671, -2.4031651305486035, 25.407416468300596, 0.019566095057385643, -0.037891632839450906, -0.021944365481575127], [2.21452971936296, -2.5199703471658212, 10.235368852342049, -2.4031651305486035, 2.090808235241883, -12.80508361792085, 0.06114083317537871, 0.13075987902509745, 0.05077928743539627], [-19.244938561509436, 9.062290179489555, -72.13290982687658, 25.407416468300596, -12.80508361792085, 75.91624313440346, -0.026964444403985835, -0.17615913309550305, -0.041221211433316064], [0.004917234795959288, -0.027504376067855878, -0.002982479667091621, 0.019566095057385643, 0.06114083317537871, -0.026964444403985835, 1.9590391982259807, 0.00766188742063194, -0.0871732526833982], [0.03735170117558082, -0.1405879208591126, 0.02610955260285825, -0.037891632839450906, 0.13075987902509745, -0.17615913309550305, 0.00766188742063194, 2.1968276740975066, -0.3298018302560449], [0.015600168431102148, -0.03928002854654525, 0.022927812440766936, -0.021944365481575127, 0.05077928743539627, -0.041221211433316064, -0.0871732526833982, -0.3298018302560449, 4.376686067330526]], "frequencies": ["246.94647033465068j", "76.84202969362809j", "(168.9047014338683+0j)", "(249.07879493486251+0j)", "(359.9488022921509+0j)", "(726.4274429394279+0j)", "(761.4899785917901+0j)", "(1093.031145254109+0j)", "(1808.6926916478963+0j)"]}