{"hessian": [[2.1774718537926674, 0.0015744008123874664, 0.19787473138421774, 0.4109355388209224, -0.4491770640015602, 0.25535570457577705], [0.0015744008123874664, 4.042961820960045, 0.14963855501264334, 0.09015824180096388, 1.97152029722929, 3.6604363471269608], [0.19787473138421774, 0.14963855501264334, 8.086828887462616, -1.1479243636131287, -3.542828932404518, -1.1203974019736052], [0.4109355388209224, 0.09015824180096388, -1.1479243636131287, 0.8652329444885254, -0.8199192583560944, 0.2957278396934271], [-0.4491770640015602, 1.97152029722929, -3.542828932404518, -0.8199192583560944, -1.3406875543296337, -3.326171450316906], [0.25535570457577705, 3.6604363471269608, -1.1203974019736052, 0.2957278396934271, -3.326171450316906, 2.0006638020277023]], "frequencies": ["1020.177753906159j", "(174.93777347175973+0j)", "(214.59081865615846+0j)", "(453.24854409194467+0j)", "(511.1876511122187+0j)", "(1073.313680961619+0j)"]}