{"hessian": [[-4.04680067622174, 3.3279459433578173, 1.9057723684820402, 6.158055609353749, -3.2059920926601237, 4.0830660863116774], [3.3279459433578173, -1.6148713290562513, -0.8940497022739442, -3.171160072582603, 2.696842961388581, -2.451829685633842], [1.9057723684820402, -0.8940497022739442, 8.995930006896765, -3.3655740381232357, 2.21274923042377, -0.8295214406835713], [6.158055609353749, -3.171160072582603, -3.3655740381232357, 4.95206038827889, 6.099016653012722, -3.6703268958304536], [-3.2059920926601237, 2.696842961388581, 2.21274923042377, 6.099016653012722, 9.588569285573165, 2.2004465017970167], [4.0830660863116774, -2.451829685633842, -0.8295214406835713, -3.6703268958304536, 2.2004465017970167, 8.351727254320778]], "frequencies": ["518.192014147763j", "(101.33334136858605+0j)", "(308.43647635907826+0j)", "(431.44147713608595+0j)", "(488.01980303415644+0j)", "(560.1575934755729+0j)"]}