{"hessian": [[84.62443947792053, -1.0267832396237948e-05, -2.047745612046013e-05, -84.62628424167633, -1.0535585614235303e-05, -1.920851799042127e-06], [-1.0267832396237948e-05, 0.003592195571400225, -2.527755743503041e-13, 1.0267830626808906e-05, -0.0035924200346926227, 0.0], [-2.047745612046013e-05, -2.527755743503041e-13, 0.003592467328417115, 2.047745561490898e-05, 1.0111022974012163e-12, -0.0035924193070968613], [-84.62628424167633, 1.0267830626808906e-05, 2.047745561490898e-05, 84.62812900543213, 1.0535587383664345e-05, 1.9208523045932757e-06], [-1.0535585614235303e-05, -0.0035924200346926227, 1.0111022974012163e-12, 1.0535587383664345e-05, 0.0035926444979850203, -7.583267230509123e-13], [-1.920851799042127e-06, 0.0, -0.0035924193070968613, 1.9208523045932757e-06, -7.583267230509123e-13, 0.0035923712857766077]], "frequencies": ["0.01848912451626377j", "0.00034515411065303266j", "7.385442796931584e-05j", "(11.050760534185041+0j)", "(11.050761659989023+0j)", "(1696.0993720924585+0j)"]}