{"hessian": [[3.6632949286843366, -0.013922523618363101, -0.25681463926504167, -1.3385741555865653, 0.028995615901401685, 0.2619697011034198, 0.2845375591016067, -0.010445106592723923, 0.009140271738371383], [-0.013922523618363101, -0.13256607899590073, 5.822295247521424, 0.03325721939123306, -1.8345978052197434, -5.474849221821055, -0.008304663210953408, 2.9881296662885632, 5.058516914671934], [-0.25681463926504167, 5.822295247521424, 51.85075611131489, 0.2742852852459793, -5.2831027758102564, -45.17169215735817, 0.01174351368917315, -0.3981546077988304, -0.41392189793541595], [-1.3385741555865653, 0.03325721939123306, 0.2742852852459793, 0.46238719252565536, -0.02364772132592699, -0.2873400615474083, -0.14635361969829636, 0.005277189238539346, -0.0012148462437075794], [0.028995615901401685, -1.8345978052197434, -5.2831027758102564, -0.02364772132592699, 1.3236553294932043, 6.038756422670083, 0.005174345112087881, 1.0954570684132747, -0.27450382901468856], [0.2619697011034198, -5.474849221821055, -45.17169215735817, -0.2873400615474083, 6.038756422670083, 45.39007523211989, 0.0028667800248337767, -0.6542750492103249, -0.31525581412107], [0.2845375591016067, -0.008304663210953408, 0.01174351368917315, -0.14635361969829636, 0.005174345112087881, 0.0028667800248337767, 0.5621588506993545, -0.02075523026948032, -0.012418428269010878], [-0.010445106592723923, 2.9881296662885632, -0.3981546077988304, 0.005277189238539346, 1.0954570684132747, -0.6542750492103249, -0.02075523026948032, -3.277835142744355, -3.55723049552339], [0.009140271738371383, 5.058516914671934, -0.41392189793541595, -0.0012148462437075794, -0.27450382901468856, -0.31525581412107, -0.012418428269010878, -3.55723049552339, 0.730219008836807]], "frequencies": ["1251.4535646254033j", "54.520356917657146j", "(29.70215883888506+0j)", "(303.2115107313853+0j)", "(351.26666106994827+0j)", "(385.4118816385017+0j)", "(466.47861783821406+0j)", "(934.4527187124689+0j)", "(3639.5212307490656+0j)"]}