{"hessian": [[1.1907421515705299, -1.897936931598022, 3.617799258245382, 3.68547712120833, 2.3232295332642248, 1.887022598678363], [-1.897936931598022, 3.3693664152861333, 2.0882885541438228, 2.3234545047908375, 1.0074289239287488, 1.0962283993616606], [3.617799258245382, 2.0882885541438228, 8.152903846858539, -4.8020300910599545, -2.771257114634098, -1.882915261378209], [3.68547712120833, 2.3234545047908375, -4.8020300910599545, -4.904417846700263, -2.9259861028802834, -1.6735181921651825], [2.3232295332642248, 1.0074289239287488, -2.771257114634098, -2.9259861028802834, -1.5272095667722085, -0.9684124334562355], [1.887022598678363, 1.0962283993616606, -1.882915261378209, -1.6735181921651825, -0.9684124334562355, 9.209113025514785]], "frequencies": ["1407.7308139537663j", "(179.12978813071916+0j)", "(251.8420610639462+0j)", "(296.12504002573985+0j)", "(457.6840524562689+0j)", "(1598.2498596080795+0j)"]}