{"hessian": [[62.795042991638184, 0.005096185486763716, -0.3534207586199045, -35.51279604434967, 3.426935523748398, 16.840778291225433, -16.644054651260376, -14.596681296825409, -9.879911690950394, -10.637107864022255, 11.164740845561028, -6.607845053076744], [0.005096185486763716, 62.76769042015076, 0.02544946619309485, 3.424263745546341, -6.138492375612259, -1.9343951717019081, -14.630492776632309, -25.323696434497833, -13.315874338150024, 11.20077632367611, -31.30570650100708, 15.224861353635788], [-0.3534207586199045, 0.02544946619309485, 20.477482676506042, 11.738874763250351, -1.3484762981534004, -7.051956653594971, -6.8214088678359985, -9.191421419382095, -6.7027464509010315, -4.5647792518138885, 10.514342412352562, -6.723057851195335], [-35.51279604434967, 3.424263745546341, 11.738874763250351, 38.80401849746704, -3.8187433034181595, -13.647415488958359, -1.9853409379720688, 0.4395481897518039, 1.1085759848356247, -1.3072851579636335, -0.04506773257162422, 0.8004200179129839], [3.426935523748398, -6.138492375612259, -1.3484762981534004, -3.8187433034181595, 6.050832569599152, 1.5676054172217846, -2.9560464434325695, 0.3832912538200617, 1.2310995254665613, 3.3480320125818253, -0.29543128330260515, -1.4502751640975475], [16.840778291225433, -1.9343951717019081, -7.051956653594971, -13.647415488958359, 1.5676054172217846, 6.938225030899048, -1.6131929121911526, 0.02451832697261125, 0.05637283029500395, -1.579292118549347, 0.34229629673063755, 0.0573503493797034], [-16.644054651260376, -14.630492776632309, -6.8214088678359985, -1.9853409379720688, -2.9560464434325695, -1.6131929121911526, 17.73257553577423, 16.264795511960983, 7.940933853387833, 0.8970919530838728, 1.3213512487709522, 0.4936240613460541], [-14.596681296825409, -25.323696434497833, -9.191421419382095, 0.4395481897518039, 0.3832912538200617, 0.02451832697261125, 16.264795511960983, 27.42384672164917, 10.700595378875732, -2.1077812649309635, -2.4833524599671364, -1.533794030547142], [-9.879911690950394, -13.315874338150024, -6.7027464509010315, 1.1085759848356247, 1.2310995254665613, 0.05637283029500395, 7.940933853387833, 10.700595378875732, 6.605696678161621, 0.8303478360176086, 1.3839979656040668, 0.04081413790117949], [-10.637107864022255, 11.20077632367611, -4.5647792518138885, -1.3072851579636335, 3.3480320125818253, -1.579292118549347, 0.8970919530838728, -2.1077812649309635, 0.8303478360176086, 11.047352850437164, -12.440723180770874, 5.313710682094097], [11.164740845561028, -31.30570650100708, 10.514342412352562, -0.04506773257162422, -0.29543128330260515, 0.34229629673063755, 1.3213512487709522, -2.4833524599671364, 1.3839979656040668, -12.440723180770874, 34.08439755439758, -12.240530550479889], [-6.607845053076744, 15.224861353635788, -6.723057851195335, 0.8004200179129839, -1.4502751640975475, 0.0573503493797034, 0.4936240613460541, -1.533794030547142, 0.04081413790117949, 5.313710682094097, -12.240530550479889, 6.625044345855713]], "frequencies": ["29.787436792508615j", "20.553020128368907j", "(0.1517049522725582+0j)", "(0.6558351492319585+0j)", "(1.0750591955605273+0j)", "(18.287351507293078+0j)", "(1023.0099100277296+0j)", "(1655.3172091666604+0j)", "(1655.6576057955929+0j)", "(3490.677826354205+0j)", "(3606.60264618036+0j)", "(3607.637649709535+0j)"]}