{"hessian": [[0.5501775099677622, -0.1818605543556547, -0.3792441440475726, 1.3565590221997605, 0.21724536161285168, 0.1767633423384052, 0.0032524454990266304, 0.03502485281461709, -0.03274299875897582, -0.7373988144146977, -0.04593275797637253, 0.009525937212564162], [-0.1818605543556547, 9.357452822405174, 15.7747913300588, 0.19812920960869101, -12.244724539434396, -7.970014851238371, 0.025119677885763265, -5.184938057112361, -3.3212417918647636, 0.003875938015638486, 8.065891288122723, -7.485400471883398], [-0.3792441440475726, 15.7747913300588, 29.6360905543938, 0.3862953944673992, -17.352902311666565, -22.311776123322865, -0.006357052566279323, -0.7097594554308744, 0.3879473282485253, 0.022310747682058395, 1.3522395688888003, -2.347899268096763], [1.3565590221997605, 0.19812920960869101, 0.3862953944673992, 1.7923160137323972, -1.1552223613973651, 0.1357542469158952, -0.998160097032313, -0.055092312988453504, 0.029426275680917043, -0.036220415784615004, 0.08899230817000804, -0.05962388231021991], [0.21724536161285168, -12.244724539434396, -17.352902311666565, -1.1552223613973651, 30.243063733194365, 11.065449507963201, -0.0062477806819247715, -6.733018553796307, 7.240978549855756, 0.03609828838445402, -5.440814243723533, 1.5292278827538177], [0.1767633423384052, -7.970014851238371, -22.311776123322865, 0.1357542469158952, 11.065449507963201, 25.776324777639804, 0.016127244579165798, 1.8013148747968977, -5.223915981037454, -0.015034525735619286, -5.305239974028927, 4.619629605040432], [0.0032524454990266304, 0.025119677885763265, -0.006357052566279323, -0.998160097032313, -0.0062477806819247715, 0.016127244579165798, 1.1596060922873577, -0.026025991750116474, -0.025672465065439694, 0.1639721041110079, 0.0039337878367674784, 0.0006813423377407396], [0.03502485281461709, -5.184938057112361, -0.7097594554308744, -0.055092312988453504, -6.733018553796307, 1.8013148747968977, -0.026025991750116474, 9.752927055158365, -3.7525379194125694, 0.006633446156117592, 0.8577907199419098, -1.0888686165624795], [-0.03274299875897582, -3.3212417918647636, 0.3879473282485253, 0.029426275680917043, 7.240978549855756, -5.223915981037454, -0.025672465065439694, -3.7525379194125694, 9.700733660984259, 0.0047115465430563695, 0.45277126670244605, -0.5266326327682865], [-0.7373988144146977, 0.003875938015638486, 0.022310747682058395, -0.036220415784615004, 0.03609828838445402, -0.015034525735619286, 0.1639721041110079, 0.006633446156117592, 0.0047115465430563695, 0.6546028648633887, -0.028937766080272757, 0.0054893052493452926], [-0.04593275797637253, 8.065891288122723, 1.3522395688888003, 0.08899230817000804, -5.440814243723533, -5.305239974028927, 0.0039337878367674784, 0.8577907199419098, 0.45277126670244605, -0.028937766080272757, -3.3332038493226466, 6.430733955123925], [0.009525937212564162, -7.485400471883398, -2.347899268096763, -0.05962388231021991, 1.5292278827538177, 4.619629605040432, 0.0006813423377407396, -1.0888686165624795, -0.5266326327682865, 0.0054893052493452926, 6.430733955123925, -2.671980393818947]], "frequencies": ["1697.6218258130657j", "152.98128109256083j", "(161.74483424606885+0j)", "(199.1337394720303+0j)", "(299.17312421981+0j)", "(413.39180806400105+0j)", "(422.11289651433947+0j)", "(588.2504265815313+0j)", "(977.8016320806863+0j)", "(1255.2804543970244+0j)", "(1326.5390530783015+0j)", "(1965.151487497657+0j)"]}