{"hessian": [[1.1724873191254, 0.9925615198986131, -11.995963880822082, -4.781152733390314, 3.3446645416640783, 5.674090433547001, -0.011595675257399386, 0.03708816310154904, -0.02433549142157104, 4.151997362065753, -3.4577930807606574, 6.0287998256780035], [0.9925615198986131, 1.8179756232820303, 8.854140095309752, 3.2786257569664503, -4.567526199476973, -4.070403403242345, 0.00978947528659604, -0.15830282164037254, 0.05988099262634848, -4.220060890502893, 2.4902419668634534, -5.225246526923421], [-11.995963880822082, 8.854140095309752, 35.265148116070876, 15.103996943037211, -11.689051296459386, -26.888140489916758, -0.022619280061412648, 0.012418428269010868, -0.055857216178936034, -2.5628692034118763, 2.3781482967892913, -2.908611873267894], [-4.781152733390314, 3.2786257569664503, 15.103996943037211, 13.303684798473213, -5.942442898248315, -12.472556418313843, 0.044441518142826694, 0.055516545010065685, 0.01700784741190614, -2.5448779090407783, 2.131129560568749, -1.1730143952734637], [3.3446645416640783, -4.567526199476973, -11.689051296459386, -5.942442898248315, 13.767228987421454, 10.717572822483316, -0.05120351945700858, 0.23785918120846128, -0.17048985062486766, 2.516338663950505, -1.6184644457241482, 0.65236600511307], [5.674090433547001, -4.070403403242345, -26.888140489916758, -12.472556418313843, 10.717572822483316, 31.725150439486004, 0.04473076724847136, -0.1749957089150212, 0.10972182740787542, 5.76416260504475, -4.631141719445088, 5.247332303078866], [-0.011595675257399386, 0.00978947528659604, -0.022619280061412648, 0.044441518142826694, -0.05120351945700858, 0.04473076724847136, 1.7388756345250698, 0.04964800204443061, 0.042654601445732854, 0.0012598405490301225, -0.0033167230780588287, 0.005527871796764679], [0.03708816310154904, -0.15830282164037254, 0.012418428269010868, 0.055516545010065685, 0.23785918120846128, -0.1749957089150212, 0.04964800204443061, 2.5371003219778885, -1.0140559423269633, -0.030898232240753262, 0.006659157187730426, -0.03839299795590165], [-0.02433549142157104, 0.05988099262634848, -0.055857216178936034, 0.01700784741190614, -0.17048985062486766, 0.10972182740787542, 0.042654601445732854, -1.0140559423269633, 4.521490597374149, 0.005534299554667841, 0.016757164853680805, 0.07389993261325978], [4.151997362065753, -4.220060890502893, -2.5628692034118763, -2.5448779090407783, 2.516338663950505, 5.76416260504475, 0.0012598405490301225, -0.030898232240753262, 0.005534299554667841, -1.4400748806362296, 0.9780026482478319, -4.989161406896246], [-3.4577930807606574, 2.4902419668634534, 2.3781482967892913, 2.131129560568749, -1.6184644457241482, -4.631141719445088, -0.0033167230780588287, 0.006659157187730426, 0.016757164853680805, 0.9780026482478319, -0.01054152296127214, 5.204227758579908], [6.0287998256780035, -5.225246526923421, -2.908611873267894, -1.1730143952734637, 0.65236600511307, 5.247332303078866, 0.005527871796764679, -0.03839299795590165, 0.07389993261325978, -4.989161406896246, 5.204227758579908, 0.10798633277400758]], "frequencies": ["1594.5456364956092j", "(56.99690635604852+0j)", "(154.18032270253138+0j)", "(271.5478825663287+0j)", "(347.196466993047+0j)", "(434.0484375016017+0j)", "(467.808043173845+0j)", "(683.0767770712016+0j)", "(756.8774644884688+0j)", "(1155.2098236976144+0j)", "(1296.1690017635697+0j)", "(1361.0684452468495+0j)"]}