{"hessian": [[9.612943343542154, -0.6548342641479045, -0.35518504621583996, 0.5010180175239756, -0.015471613273037883, 0.22245827327235884], [-0.6548342641479045, 11.835996269884777, -0.35710051807099785, -0.394664335257385, 1.707720291968188, -2.5792792693387834], [-0.35518504621583996, -0.35710051807099785, 11.31316244203729, -0.4885995892549651, 1.4332614572588218, -0.7358561525179262], [0.5010180175239756, -0.394664335257385, -0.4885995892549651, 0.43607195166989393, 1.1680650216879882, 1.325564373590459], [-0.015471613273037883, 1.707720291968188, 1.4332614572588218, 1.1680650216879882, -1.4796827248358388, 3.426631310445872], [0.22245827327235884, -2.5792792693387834, -0.7358561525179262, 1.325564373590459, 3.426631310445872, 3.2755597164466166]], "frequencies": ["973.6611169196077j", "175.85855934814052j", "(466.78333992179194+0j)", "(517.8880853427659+0j)", "(551.6102304322286+0j)", "(1237.9162091968008+0j)"]}