{"hessian": [[32.59082801837516, -0.952568010224811, 2.474076155736868, -20.027833046363085, 0.6022487767417047, 4.456904485962648, -3.465834205897579, 0.2074430308104492, 3.1530852173587633, -9.399779608197843, 0.11363633197093331, -12.05952155096907], [-0.952568010224811, 2.3690530193562425, 0.5368849066239141, 0.7069698085008792, -3.3110537955881685, -0.3078060427112442, 0.17823529889824138, 1.6258435117970387, -0.14209844396636823, 0.07526904504664465, -1.0521404079035106, -0.08178679156050436], [2.474076155736868, 0.5368849066239141, 56.40810074227317, 12.996900769268585, -0.5610275653083886, -15.006635694077218, -0.291820208805949, -0.02963839169172314, 0.2979587176035191, -16.326987156008173, 0.09134486756258461, -38.958692073447736], [-20.027833046363085, 0.7069698085008792, 12.996900769268585, 46.45829146253934, -2.2273659518956794, 1.526116847928662, -21.142856209833745, 0.5726360960815944, -12.659662023118521, 0.22374382485300176, 0.008458929400630588, -0.3661379456829178], [0.6022487767417047, -3.3110537955881685, -0.5610275653083886, -2.2273659518956794, 10.524540824891874, 0.7007348833347609, 0.5378490703093963, -3.590217749082688, 0.3708237811943613, 0.053858183471036325, 0.2697729991979225, -0.03974282711557674], [4.456904485962648, -0.3078060427112442, -15.006635694077218, 1.526116847928662, 0.7007348833347609, 44.91404833732362, -9.407698605934605, 0.26354450178970734, -11.036627441525185, 3.8949384680003885, -0.15325060392844575, -3.275289750614682], [-3.465834205897579, 0.17823529889824138, -0.291820208805949, -21.142856209833745, 0.5378490703093963, -9.407698605934605, 24.615793088214378, -0.7428045588113014, 9.970416671571538, 0.03911290684106179, -0.01402536774481461, -0.0804691011903454], [0.2074430308104492, 1.6258435117970387, -0.02963839169172314, 0.5726360960815944, -3.590217749082688, 0.26354450178970734, -0.7428045588113014, 1.5818840754969532, -0.29784301796126117, -0.005579293859990457, -0.4141982915252544, 0.021192317806898998], [3.1530852173587633, -0.14209844396636823, 0.2979587176035191, -12.659662023118521, 0.3708237811943613, -11.036627441525185, 9.970416671571538, -0.29784301796126117, 10.900513240166712, 0.2318556553268588, 0.015625879462714983, 0.4935039685351178], [-9.399779608197843, 0.07526904504664465, -16.326987156008173, 0.22374382485300176, 0.053858183471036325, 3.8949384680003885, 0.03911290684106179, -0.005579293859990457, 0.2318556553268588, 9.162550347263897, -0.1725660164276061, 12.245360887466815], [0.11363633197093331, -1.0521404079035106, 0.09134486756258461, 0.008458929400630588, 0.2697729991979225, -0.15325060392844575, -0.01402536774481461, -0.4141982915252544, 0.015625879462714983, -0.1725660164276061, 0.9529151091515846, 0.08800886121081619], [-12.05952155096907, -0.08178679156050436, -38.958692073447736, -0.3661379456829178, -0.03974282711557674, -3.275289750614682, -0.0804691011903454, 0.021192317806898998, 0.4935039685351178, 12.245360887466815, 0.08800886121081619, 41.81395355611895]], "frequencies": ["(49.878761698482535+0j)", "(114.51895558106962+0j)", "(159.22362233002843+0j)", "(316.0463824117645+0j)", "(493.19745851273365+0j)", "(564.0805893328032+0j)", "(824.986210152681+0j)", "(1127.4732719000801+0j)", "(1214.3950901363917+0j)", "(1387.52970997934+0j)", "(2948.269448677472+0j)", "(3623.6564837843093+0j)"]}