{"hessian": [[10.420843213796616, 2.201090380549431, 0.48443200066685677, 1.0283434763550758, -1.711265929043293, 1.1230567004531622], [2.201090380549431, 1.4831755310297012, -0.30697009060531855, -2.8359420597553253, 2.3472952656447887, -1.693886797875166], [0.48443200066685677, -0.30697009060531855, 4.7828130424022675, -2.224521804600954, 1.9842932000756264, -0.5841576494276524], [1.0283434763550758, -2.8359420597553253, -2.224521804600954, -1.1487552896142006, 3.543436899781227, 0.2954962197691202], [-1.711265929043293, 2.3472952656447887, 1.9842932000756264, 3.543436899781227, -1.1522413231432438, 2.7633924037218094], [1.1230567004531622, -1.693886797875166, -0.5841576494276524, 0.2954962197691202, 2.7633924037218094, 5.504295974969864]], "frequencies": ["1204.3430641223827j", "(239.74628803871872+0j)", "(375.08730716920667+0j)", "(454.6445557373069+0j)", "(622.7278660779801+0j)", "(1358.6411914001592+0j)"]}