{"hessian": [[1.7218163650499378, 0.511469551874603, -0.3116819807268827, 1.165481063010896, 0.01946967868883733, 0.0858169957658197], [0.511469551874603, -7.101039832544867, -4.048420471213351, -0.08170965846566569, 8.083419783924787, -5.358654642204643], [-0.3116819807268827, -4.048420471213351, 7.198394653746957, -0.16827227414825852, 5.026905201303923, -0.3992473266423769], [1.165481063010896, -0.08170965846566569, -0.16827227414825852, 5.022894280372317, -0.900631726366836, 0.09651278491676919], [0.01946967868883733, 8.083419783924787, 5.026905201303923, -0.900631726366836, 1.3909025326766367, 4.738363149028614], [0.0858169957658197, -5.358654642204643, -0.3992473266423769, 0.09651278491676919, 4.738363149028614, 7.139632090995769]], "frequencies": ["546.7768262645075j", "(148.08053219513536+0j)", "(308.9141322749477+0j)", "(344.4022120766842+0j)", "(396.8954208236559+0j)", "(493.1969295284896+0j)"]}