{"hessian": [[5.925942843710762, -3.6443458983856587, 0.5446239271393847, 1.5839281025101752, 1.123417815292259, 1.3581209673702417], [-3.6443458983856587, 10.190580235272451, 0.20142664941304023, 1.2631122778028248, 0.45026444112019226, 0.9064359917534388], [0.5446239271393847, 0.20142664941304023, 11.319885876804053, -2.1056949225457284, -1.2550775804238063, -1.2019264503221236], [1.5839281025101752, 1.2631122778028248, -2.1056949225457284, -1.7087808720222184, -1.393422213774697, -0.5295829736458622], [1.123417815292259, 0.45026444112019226, -1.2550775804238063, -1.393422213774697, -0.44888890092890427, -0.9931978679310316], [1.3581209673702417, 0.9064359917534388, -1.2019264503221236, -0.5295829736458622, -0.9931978679310316, 11.117951434516659]], "frequencies": ["895.6096046592818j", "(332.2806868816238+0j)", "(348.122363076917+0j)", "(528.858851774529+0j)", "(544.7234254963636+0j)", "(1741.41232760813+0j)"]}