{"hessian": [[0.7720380017551222, 0.5231230769531314, 4.184933193561825, 0.3252638331763755, 0.161278873549561, 0.8478212674340238], [0.5231230769531314, 0.5925364345499472, 3.2809654608432206, 0.13555498642089567, 0.2327105471279863, 0.5944840451946214], [4.184933193561825, 3.2809654608432206, 10.730769009458616, -0.7729700266510882, -0.6027437141002522, -1.608822808869326], [0.3252638331763755, 0.13555498642089567, -0.7729700266510882, 1.1478561508402811, 0.6917038834807441, -4.689833576859343], [0.161278873549561, 0.2327105471279863, -0.6027437141002522, 0.6917038834807441, 0.5918808032438192, -3.2937566990706175], [0.8478212674340238, 0.5944840451946214, -1.608822808869326, -4.689833576859343, -3.2937566990706175, 9.90887731740616]], "frequencies": ["862.4810848713958j", "(60.0434237602583+0j)", "(174.85551758405464+0j)", "(266.9721198099769+0j)", "(1831.0978291686324+0j)", "(1921.1965423752688+0j)"]}