{"hessian": [[50.3963730415861, -0.6786426794214118, 0.0882916825585577, -3.3991140788622105, 0.006498463240150153, -0.025138961159472784, -4.038508868526593, -0.022908529167057354, -0.01845409294012955, -20.224618854570007, -9.312767049462025, 7.078857640020873, -20.295915545232464, 9.456768109767745, -7.101406214745349], [-0.6786426794214118, 51.12641207320163, -0.07595681514228854, 0.004055915236928485, -3.3999368318738217, 0.0008741750748372584, 0.027407959699307625, -25.740862837287768, -8.206119254539253, -9.31173218043961, -9.450231079980178, 4.085662900504577, 9.406194510585252, -9.50120320015267, 4.097297142309396], [0.0882916825585577, -0.07595681514228854, 38.884091515223034, -0.015208075199006046, -0.0076040375995030125, -16.56901795209582, 0.0021790099291897668, -7.612978610746405, -6.586626367550592, 6.499678086393806, 3.7587407057891715, -6.563480011341115, -6.569753503054653, 3.7800680065120384, -6.568185130126269], [-3.3991140788622105, 0.004055915236928485, -0.015208075199006046, 9.8293788076592, -0.7657902210731973, 0.44568787749310335, -0.1259390605976863, 0.025338221654472477, 0.028082874279145197, 0.11575749207899422, 0.14833336913248646, 1.9287773140176458, 0.1461415036874902, -0.14792199262668074, -1.8544017273195483], [0.006498463240150153, -3.3999368318738217, -0.0076040375995030125, -0.7657902210731973, 10.705109399908983, 0.1746871765356669, 0.009930885960466776, 0.20790582937948066, -2.18005765372802, 0.15813569993488902, -0.05454595356668021, 1.0898456357637683, -0.14185418916604597, -0.05239265466910331, 1.085706159674098], [-0.025138961159472784, 0.0008741750748372584, -16.56901795209582, 0.44568787749310335, 0.1746871765356669, 32.25450201384735, -0.006871273198536475, -0.2867937021256351, -1.785399746228538, 0.24878636964392636, 0.15571886296328025, -1.8014948520181875, -0.25420496955633637, 0.10193138482917927, -1.779196959851936], [-4.038508868526593, 0.027407959699307625, 0.0021790099291897668, -0.1259390605976863, 0.009930885960466776, -0.006871273198536475, 4.066058238899772, 0.02456689070608675, 0.01950181747835352, 0.015484468788844272, -2.333706778646465, -0.8798250740341299, 0.021192317806899025, 2.3276968250069587, 0.880217167266226], [-0.022908529167057354, -25.740862837287768, -7.612978610746405, 0.025338221654472477, 0.20790582937948066, -0.2867937021256351, 0.02456689070608675, 28.054167912349424, 8.609698890008396, 0.10745282886804072, -1.259409889250573, -0.4891266654030285, -0.11681807213302463, -1.2880391229514911, -0.4913185308480248], [-0.01845409294012955, -8.206119254539253, -6.586626367550592, 0.028082874279145197, -2.18005765372802, -1.785399746228538, 0.01950181747835352, 8.609698890008396, 7.627794592713315, -0.008568201284985227, 1.0245974652882355, 0.3139381237509109, 0.012874799080139167, 0.9501576010111055, 0.31398311805623347], [-20.224618854570007, -9.31173218043961, 6.499678086393806, 0.11575749207899422, 0.15813569993488902, 0.24878636964392636, 0.015484468788844272, 0.10745282886804072, -0.008568201284985227, 22.002305291314688, 10.35735484182926, -7.369077337108921, -1.9108502972255803, -1.1984104667490652, 0.8702991368215657], [-9.312767049462025, -9.450231079980178, 3.7587407057891715, 0.14833336913248646, -0.05454595356668021, 0.15571886296328025, -2.333706778646465, -1.259409889250573, 1.0245974652882355, 10.35735484182926, 9.998763083924716, -4.2350632774489965, 1.2302600071594942, 0.6695666852620727, -0.49883900759478605], [7.078857640020873, 4.085662900504577, -6.563480011341115, 1.9287773140176458, 1.0898456357637683, -1.8014948520181875, -0.8798250740341299, -0.4891266654030285, 0.3139381237509109, -7.369077337108921, -4.2350632774489965, 7.597082765451756, -0.8641284892344796, -0.5673524790851519, 0.31451019420429704], [-20.295915545232464, 9.406194510585252, -6.569753503054653, 0.1461415036874902, -0.14185418916604597, -0.25420496955633637, 0.021192317806899025, -0.11681807213302463, 0.012874799080139167, -1.9108502972255803, 1.2302600071594942, -0.8641284892344796, 22.077985712867136, -10.442207673909596, 7.446486825537338], [9.456768109767745, -9.50120320015267, 3.7800680065120384, -0.14792199262668074, -0.05239265466910331, 0.10193138482917927, 2.3276968250069587, -1.2880391229514911, 0.9501576010111055, -1.1984104667490652, 0.6695666852620727, -0.5673524790851519, -10.442207673909596, 10.10642802880356, -4.348596765293478], [-7.101406214745349, 4.097297142309396, -6.568185130126269, -1.8544017273195483, 1.085706159674098, -1.779196959851936, 0.880217167266226, -0.4913185308480248, 0.31398311805623347, 0.8702991368215657, -0.49883900759478605, 0.31451019420429704, 7.446486825537338, -4.348596765293478, 7.613100738146566]], "frequencies": ["51.563950341342874j", "(208.26284400215454+0j)", "(236.85209107682599+0j)", "(339.55749015005625+0j)", "(392.5441608586577+0j)", "(436.16712767567054+0j)", "(968.8252566551913+0j)", "(975.259500875926+0j)", "(1024.656456788444+0j)", "(1341.5188077237256+0j)", "(1432.9534798304514+0j)", "(1434.0407192312714+0j)", "(2954.0638909242566+0j)", "(3028.9085422176418+0j)", "(3034.7048248217925+0j)"]}