{"hessian": [[45.16186411552416, -1.2107581896811406, -0.3908141082733592, -4.077589636578138, -0.26820462626953806, 0.30695757866801976, -9.526946370555045, 9.417790185842652, 4.195911804060516, -8.893670806414523, -9.330346967327317, 4.253028860788481, -26.023388508165663, 0.4119871428065487, -8.125026660832297], [-1.2107581896811406, 46.14600527256955, 0.7129090568034495, -0.2510746514574709, -3.7199813256327867, -0.8830325252278342, 9.422958103196835, -20.574256745715374, -7.326274897231414, -9.199111434217382, -20.68969927765711, 7.384593944687282, 0.2789711207574229, -3.8115704479956936, -0.052296238300555], [-0.3908141082733592, 0.7129090568034495, 38.938200381252294, 0.0018961885814483244, -0.45863980966808104, -17.79218171453016, 3.8902847712784614, -6.777093689738651, -6.822004434208411, 3.9102815261153623, 6.636621468521796, -6.620301391205533, -7.30721016729048, -0.12053331620108278, -6.3254022863639445], [-4.077589636578138, -0.2510746514574709, 0.0018961885814483244, 3.8170468977292327, -2.631614074186758, 0.24649808783038196, 0.07985846418953986, -0.15536533627860338, 1.131992444335147, 0.016365071621584713, 0.13304173308073858, 1.228280257725304, 0.18169343265017096, -0.13174975374219244, -2.36720825283802], [-0.26820462626953806, -3.7199813256327867, -0.45863980966808104, -2.631614074186758, 6.830071270376947, 0.4743813887730539, -0.18134633372339734, 0.23812271928249312, -1.9774097303133686, 0.012495561363849434, 0.18132062269178448, 1.9871220725051262, 0.020742374753673968, -0.01203276279481795, -0.0930482234069365], [0.30695757866801976, -0.8830325252278342, -17.79218171453016, 0.24649808783038196, 0.4743813887730539, 39.768062493104736, 0.08683258151452782, -0.1822462198298474, -1.8732029191864514, -0.08484640432243445, 0.37444260889387126, -1.7498156784763412, -0.32219779265654186, 0.2513896115947284, -1.6681060200106754], [-9.526946370555045, 9.422958103196835, 3.8902847712784614, 0.07985846418953986, -0.18134633372339734, 0.08683258151452782, 10.01696649430662, -10.32530604092383, -4.39384818093211, 0.6392276679588991, -1.159156149234133, -0.5461151669729305, -1.2415021557322166, 2.31804233263633, 1.000165557498116], [9.417790185842652, -20.574256745715374, -6.777093689738651, -0.15536533627860338, 0.23812271928249312, -0.1822462198298474, -10.32530604092383, 22.132338833696725, 7.687508463634179, 1.2050310573893763, -1.8989718006204392, -0.8282616001345413, -0.077107383806964, -0.0015362341388683158, 0.06943264087052559], [4.195911804060516, -7.326274897231414, -6.822004434208411, 1.131992444335147, -1.9774097303133686, -1.8732029191864514, -4.39384818093211, 7.687508463634179, 7.9598654215091935, -0.5552168721638824, 0.8154767896650471, 0.408079066001394, -0.401047098855277, 0.853098456672563, 0.3869703090472367], [-8.893670806414523, -9.199111434217382, 3.9102815261153623, 0.016365071621584713, 0.012495561363849434, -0.08484640432243445, 0.6392276679588991, 1.2050310573893763, -0.5552168721638824, 9.575610925640284, 10.181343547165529, -4.330843297964799, -1.2899867335961654, -2.336547847639686, 1.0306974075383861], [-9.330346967327317, -20.68969927765711, 6.636621468521796, 0.13304173308073858, 0.18132062269178448, 0.37444260889387126, -1.159156149234133, -1.8989718006204392, 0.8154767896650471, 10.181343547165529, 22.373919686731146, -7.625834126552833, 0.06240710148231183, 0.00383737146821923, -0.059000389793608055], [4.253028860788481, 7.384593944687282, -6.620301391205533, 1.228280257725304, 1.9871220725051262, -1.7498156784763412, -0.5461151669729305, -0.8282616001345413, 0.408079066001394, -4.330843297964799, -7.625834126552833, 7.608884128962057, -0.4352106321108633, -0.875216371617525, 0.40425455004898114], [-26.023388508165663, 0.2789711207574229, -7.30721016729048, 0.18169343265017096, 0.020742374753673968, -0.32219779265654186, -1.2415021557322166, -0.077107383806964, -0.401047098855277, -1.2899867335961654, 0.06240710148231183, -0.4352106321108633, 28.341450124075706, -0.30261884208334977, 8.374449378508642], [0.4119871428065487, -3.8115704479956936, -0.12053331620108278, -0.13174975374219244, -0.01203276279481795, 0.2513896115947284, 2.31804233263633, -0.0015362341388683158, 0.853098456672563, -2.336547847639686, 0.00383737146821923, -0.875216371617525, -0.30261884208334977, 3.9767252595608933, 0.01856979258238736], [-8.125026660832297, -0.052296238300555, -6.3254022863639445, -2.36720825283802, -0.0930482234069365, -1.6681060200106754, 1.000165557498116, 0.06943264087052559, 0.3869703090472367, 1.0306974075383861, -0.059000389793608055, 0.40425455004898114, 8.374449378508642, 0.01856979258238736, 7.353175064056369]], "frequencies": ["247.83319739607575j", "148.49636407921386j", "42.78795320443951j", "(75.89643406841391+0j)", "(351.83261576470625+0j)", "(394.1112839717095+0j)", "(927.7860477113161+0j)", "(966.302250131772+0j)", "(1093.4098097783472+0j)", "(1343.3485385004303+0j)", "(1422.818759140453+0j)", "(1429.9809062791473+0j)", "(2966.029179913755+0j)", "(3030.9292641685047+0j)", "(3039.3053739377756+0j)"]}