{"hessian": [[13.243958072036547, 18.232605258300534, -0.1133535106231918, -1.5686621774900402, -2.7950848131813153, 0.8131692245777931, -11.275887873956549, -14.5977081640326, 0.8181764479843971, -0.01344044177562201, -0.2910617333733696, 0.3693325413608156, -0.04927519208604422, -0.13190401993186962, -0.12239093823511174, 0.15211931853747998, 0.024978267211892523, -0.33087526582588184], [18.232605258300534, 31.289644130511594, 4.591296048203061, -2.2806906314607494, -2.792770820336158, 1.0491964947838381, -14.14876784104047, -26.69138039274145, -0.23982607512684506, -0.19904837898885075, 0.028995615901401654, 0.3157314682059078, 0.01077935000369111, 0.060581618237798895, -0.2427249939411948, 0.03335363575978137, 0.07899714463050894, -0.22519007038122507], [-0.1133535106231918, 4.591296048203061, 11.899913894474345, 2.181471760466727, 3.3238064672681467, 0.4953230240217276, -3.378063171729182, -7.124970375218535, -6.898346914824893, 0.40758412864284643, 0.35637418142793464, -0.5378747813410092, 0.04656910600879072, -0.02268998539834803, 0.19146362466305736, -0.1473434944153913, 0.08511637015436967, 0.36083504541276556], [-1.5686621774900402, -2.2806906314607494, 2.181471760466727, 49.70033684927859, 2.2022012797045942, 2.1624391693153084, -7.141579701640442, -1.8905064434619052, 4.137785589341744, -15.707923364591657, -12.429908244626011, -3.674549932772865, -16.128446569893676, 6.4618314478596774, -11.005472098968303, -9.19666245845626, 8.227260150282927, 5.404388139686015], [-2.7950848131813153, -2.792770820336158, 3.3238064672681467, 2.2022012797045942, 50.72002350752878, 3.9132961445719703, -1.1937567700271376, -5.374936152973485, 0.6851539981773684, -12.37871758068481, -17.710427061759177, -4.304232380245491, 6.28478528417353, -7.312397367918374, 5.873338073030853, 8.373292382086063, -18.930042701830946, -9.322421541832654], [0.8131692245777931, 1.0491964947838381, 0.4953230240217276, 2.1624391693153084, 3.9132961445719703, 41.36884417683714, 3.882571461794604, 2.000967463028651, -13.21661438991627, -3.434486030603601, -4.143956236928831, -5.361405722587218, -10.360170199790868, 5.648842200503175, -12.89469941860747, 5.258008808956106, -8.836020245780588, -9.101750185257387], [-11.275887873956549, -14.14876784104047, -3.378063171729182, -7.141579701640442, -1.1937567700271376, 3.882571461794604, 20.725726860704626, 17.43309501926707, -6.34156809749053, -0.8320861160869539, -0.2966345994754569, 1.6066437989401363, 0.9026950366537679, 0.637967827409869, -1.2063166089700195, -0.6915689005647767, -0.5605776222551636, 1.4207916069265853], [-14.5977081640326, -26.69138039274145, -7.124970375218535, -1.8905064434619052, -5.374936152973485, 2.000967463028651, 17.43309501926707, 37.22373737124364, 1.9285073481857107, -0.6505212385948473, -0.8578228587314258, 1.8892466029128752, -0.535567216253755, -0.5879148766175358, 1.0392913198549842, 0.8740465196791399, 0.6291939378719811, -1.36327602920862], [0.8181764479843971, -0.23982607512684506, -6.898346914824893, 4.137785589341744, 0.6851539981773684, -13.21661438991627, -6.34156809749053, 1.9285073481857107, 30.792894144235348, -0.6961390364339624, -0.3175890902399369, 0.6370486580297092, 0.6165762491079703, 0.6496149247304941, -1.9729745773601501, 0.6115304591539468, 0.37160796765855353, -1.9878741201798023], [-0.01344044177562201, -0.19904837898885075, 0.40758412864284643, -15.707923364591657, -12.37871758068481, -3.434486030603601, -0.8320861160869539, -0.6505212385948473, -0.6961390364339624, 16.74639193143503, 13.530134709403473, 3.8311365430530797, -1.353049466384605, -1.491966170188882, -0.35710051807099785, 1.040776131930627, 1.0754153192710514, 0.25478989552552894], [-0.2910617333733696, 0.028995615901401654, 0.35637418142793464, -12.429908244626011, -17.710427061759177, -4.143956236928831, -0.2966345994754569, -0.8578228587314258, -0.3175890902399369, 13.530134709403473, 18.985282853251174, 4.26790269257652, 0.8658896948999604, 0.8842987935347674, 0.21439786486172757, -1.4946401174766195, -1.405448548811612, -0.33223152274346], [0.3693325413608156, 0.3157314682059078, -0.5378747813410092, -3.674549932772865, -4.304232380245491, -5.361405722587218, 1.6066437989401363, 1.8892466029128752, 0.6370486580297092, 3.8311365430530797, 4.26790269257652, 6.0309981188809045, -1.1400399972299722, -1.3907225554553468, -0.351894034169394, -0.9905046373695844, -0.8124493156926331, -0.28953835475030776], [-0.04927519208604422, 0.01077935000369111, 0.04656910600879072, -16.128446569893676, 6.28478528417353, -10.360170199790868, 0.9026950366537679, -0.535567216253755, 0.6165762491079703, -1.353049466384605, 0.8658896948999604, -1.1400399972299722, 17.620284184924493, -7.040175392959326, 11.521331809490803, -0.9225632363326048, 0.413497665913804, -0.8464328717269294], [-0.13190401993186962, 0.060581618237798895, -0.02268998539834803, 6.4618314478596774, -7.312397367918374, 5.648842200503175, 0.637967827409869, -0.5879148766175358, 0.6496149247304941, -1.491966170188882, 0.8842987935347674, -1.3907225554553468, -7.040175392959326, 7.803992292356238, -6.308850809763166, 1.5799686036417953, -0.8359427708288828, 1.443417314745901], [-0.12239093823511174, -0.2427249939411948, 0.19146362466305736, -11.005472098968303, 5.873338073030853, -12.89469941860747, -1.2063166089700195, 1.0392913198549842, -1.9729745773601501, -0.35710051807099785, 0.21439786486172757, -0.351894034169394, 11.521331809490803, -6.308850809763166, 14.21452380439036, 1.0234083300761405, -0.5618246072883873, 0.9527479874461009], [0.15211931853747998, 0.03335363575978137, -0.1473434944153913, -9.19666245845626, 8.373292382086063, 5.258008808956106, -0.6915689005647767, 0.8740465196791399, 0.6115304591539468, 1.040776131930627, -1.4946401174766195, -0.9905046373695844, -0.9225632363326048, 1.5799686036417953, 1.0234083300761405, 9.601129124516044, -9.26005300689776, -5.868022317244893], [0.024978267211892523, 0.07899714463050894, 0.08511637015436967, 8.227260150282927, -18.930042701830946, -8.836020245780588, -0.5605776222551636, 0.6291939378719811, 0.37160796765855353, 1.0754153192710514, -1.405448548811612, -0.8124493156926331, 0.413497665913804, -0.8359427708288828, -0.5618246072883873, -9.26005300689776, 20.390455008472948, 9.70262984956571], [-0.33087526582588184, -0.22519007038122507, 0.36083504541276556, 5.404388139686015, -9.322421541832654, -9.101750185257387, 1.4207916069265853, -1.36327602920862, -1.9878741201798023, 0.25478989552552894, -0.33223152274346, -0.28953835475030776, -0.8464328717269294, 1.443417314745901, 0.9527479874461009, -5.868022317244893, 9.70262984956571, 10.103316993978407]], "frequencies": ["108.2407344786278j", "(40.33063311306752+0j)", "(105.02487302965375+0j)", "(107.3652238940697+0j)", "(261.0228131289629+0j)", "(343.2530602090404+0j)", "(363.13887725385393+0j)", "(582.899754175206+0j)", "(913.4350621589492+0j)", "(960.2075219904176+0j)", "(1061.6364271037987+0j)", "(1292.3022926498134+0j)", "(1350.018258631487+0j)", "(1436.4213951619442+0j)", "(1443.683100419638+0j)", "(2981.1993599983857+0j)", "(3046.175466608891+0j)", "(3097.523316774039+0j)"]}