{"hessian": [[22.423272011912026, -6.848975306370302, 12.117229961424131, -9.237060916877962, 1.9639949995693593, 0.9583787033693172, -7.201910637320015, 1.8592289735048628, -9.704378199715384, -3.429061002933288, 1.48756315602518, -1.194457395638588, -1.3927537269527626, 0.5689208520135363, -0.23077579199911868, -1.7707380304513054, 0.9016408843576407, -0.5520029932122752], [-6.848975306370302, 7.0126453058598575, -4.346713432227836, 2.0524216650438847, -4.992426707911079, -0.3549472191734209, 1.9028413108781743, -2.872108636135537, 3.4323777260113464, -0.5684837644761177, 0.6183181714997417, -0.38877650901804006, 0.1638564044687501, -0.03365574038123237, 0.07849577951405835, 3.276491741342583, -0.6774599719672203, 1.1293570635948291], [12.117229961424131, -4.346713432227836, 45.71322433294611, 1.3677947430145798, -0.4273816229847478, -4.119344351917421, -8.774075942867308, 3.0147534395236786, -36.969789512003416, 0.12750743352607072, -0.2976051909188423, 0.053922461050068524, -3.5346819207989126, 1.410725738050151, -0.5680273936649896, -0.3710294694472641, 0.2975087745502941, -0.1203340557060831], [-9.237060916877962, 2.0524216650438847, 1.3677947430145798, 37.66209760472707, 7.831503096181996, -6.018978211601892, -1.9905737784991522, 0.4630813903792025, -4.456602381341195, -15.374554128699327, -9.824879377126951, 8.766298355804418, -4.31130934169693, -0.4776724008194999, -1.1099195236955077, -4.272170723824255, 0.21141538519463593, 0.3036087168004449], [1.9639949995693593, -4.992426707911079, -0.4273816229847478, 7.831503096181996, 54.59637289967307, 2.475117452517189, 0.3707145093100067, -0.6842026900076926, 1.508151264589177, -9.367891501239995, -12.731627200602912, 7.049514925192699, -0.317711217640098, -5.3957620885799, -3.5667949992833727, -0.35951092728470346, -28.605540985287185, -6.933783144145317], [0.9583787033693172, -0.3549472191734209, -4.119344351917421, -6.018978211601892, 2.475117452517189, 55.41593774336455, -3.6312654110526177, 1.3418715953909146, -4.239819818297375, 8.246119191970958, 7.132882945197393, -11.25117957257659, 0.14366038913684925, -4.091030078353761, -31.138122593459116, 0.04539282631250245, -6.619960720036662, -6.718903197440849], [-7.201910637320015, 1.9028413108781743, -8.774075942867308, -1.9905737784991522, 0.3707145093100067, -3.6312654110526177, 15.275399535284336, -2.9665259719758588, 18.016266210552036, 0.1655790435868116, 0.01335045316497702, -0.029156309848981987, -0.36693498766291643, 0.18432881339048895, -0.1596076564947251, 0.18763268095274138, -0.09843468452983044, 0.07499907921470954], [1.8592289735048628, -2.872108636135537, 3.0147534395236786, 0.4630813903792025, -0.6842026900076926, 1.3418715953909146, -2.9665259719758588, 4.362017923795391, -6.611533929425548, -0.1713318869101888, 0.11677950558560529, -0.0908435024461338, 0.10089008804885843, 0.02482400102221529, 0.03069254398785036, 0.11667023370125067, 0.03307724216994304, 0.08948081777065234], [-9.704378199715384, 3.4323777260113464, -36.969789512003416, -4.456602381341195, 1.508151264589177, -4.239819818297375, 18.016266210552036, -6.611533929425548, 64.93841682217686, 0.8757434477655883, -0.3265043904516957, 0.5797323408067436, -0.06636017259278894, 0.08656261568259288, -0.01032940695046608, 0.8551167726541724, -0.2889919953285346, 0.4551302538529258], [-3.429061002933288, -0.5684837644761177, 0.12750743352607072, -15.374554128699327, -9.367891501239995, 8.246119191970958, 0.1655790435868116, -0.1713318869101888, 0.8757434477655883, 17.875838983640506, 9.877837674491538, -8.905594297324985, 0.47591119515401914, 0.13790111805556898, -0.10779350003691111, 0.3664400503043689, 0.04501358859621282, 0.01831911002416202], [1.48756315602518, 0.6183181714997417, -0.2976051909188423, -9.824879377126951, -12.731627200602912, 7.132882945197393, 0.01335045316497702, 0.11677950558560529, -0.3265043904516957, 9.877837674491538, 12.861455054732042, -7.600708020909168, 0.39431080857270795, 0.3622684354251825, -0.3682655335488819, -1.9174837433816978, -1.2453202439267264, 1.5016142348016073], [-1.194457395638588, -0.38877650901804006, 0.053922461050068524, 8.766298355804418, 7.049514925192699, -11.25117957257659, -0.029156309848981987, -0.0908435024461338, 0.5797323408067436, -8.905594297324985, -7.600708020909168, 11.284314664567663, 1.9020828354455954, 1.6326569351744462, -0.996900256483283, -0.574628701031591, -0.5951653875323621, 0.46656523516274473], [-1.3927537269527626, 0.1638564044687501, -3.5346819207989126, -4.31130934169693, -0.317711217640098, 0.14366038913684925, -0.36693498766291643, 0.10089008804885843, -0.06636017259278894, 0.47591119515401914, 0.39431080857270795, 1.9020828354455954, 5.3059855939457, -0.20041106366433215, 1.4824852272816402, 0.18745913148935456, -0.13824178922443933, 0.06044663532183141], [0.5689208520135363, -0.03365574038123237, 1.410725738050151, -0.4776724008194999, -5.3957620885799, -4.091030078353761, 0.18432881339048895, 0.02482400102221529, 0.08656261568259288, 0.13790111805556898, 0.3622684354251825, 1.6326569351744462, -0.20041106366433215, 5.0771702681070625, 3.7680930935383494, -0.17558063488421374, 0.01432747236626568, -2.7945834480648646], [-0.23077579199911868, 0.07849577951405835, -0.5680273936649896, -1.1099195236955077, -3.5667949992833727, -31.138122593459116, -0.1596076564947251, 0.03069254398785036, -0.01032940695046608, -0.10779350003691111, -0.3682655335488819, -0.996900256483283, 1.4824852272816402, 3.7680930935383494, 32.89879475503399, 0.11042888077722923, 0.06230425735586044, -0.4003207622122138], [-1.7707380304513054, 3.276491741342583, -0.3710294694472641, -4.272170723824255, -0.35951092728470346, 0.04539282631250245, 0.18763268095274138, 0.11667023370125067, 0.8551167726541724, 0.3664400503043689, -1.9174837433816978, -0.574628701031591, 0.18745913148935456, -0.17558063488421374, 0.11042888077722923, 5.285018247665414, -0.9048033412460224, 0.12936505556009975], [0.9016408843576407, -0.6774599719672203, 0.2975087745502941, 0.21141538519463593, -28.605540985287185, -6.619960720036662, -0.09843468452983044, 0.03307724216994304, -0.2889919953285346, 0.04501358859621282, -1.2453202439267264, -0.5951653875323621, -0.13824178922443933, 0.01432747236626568, 0.06230425735586044, -0.9048033412460224, 30.627083701364025, 7.0456711259665745], [-0.5520029932122752, 1.1293570635948291, -0.1203340557060831, 0.3036087168004449, -6.933783144145317, -6.718903197440849, 0.07499907921470954, 0.08948081777065234, 0.4551302538529258, 0.01831911002416202, 1.5016142348016073, 0.46656523516274473, 0.06044663532183141, -2.7945834480648646, -0.4003207622122138, 0.12936505556009975, 7.0456711259665745, 6.496136391789135]], "frequencies": ["44.26400596322484j", "(41.933079251157466+0j)", "(178.7884693461759+0j)", "(191.24759293040447+0j)", "(216.43513526934163+0j)", "(330.94093206338664+0j)", "(449.72667854541504+0j)", "(555.281096476658+0j)", "(837.6503712184517+0j)", "(1129.205446908981+0j)", "(1152.3494470337384+0j)", "(1360.2819005325482+0j)", "(1455.3830915068825+0j)", "(1459.8960788355935+0j)", "(1516.2024049689646+0j)", "(3004.2268912622417+0j)", "(3102.9207374469156+0j)", "(3145.892981921086+0j)"]}