{"hessian": [[6.979503786110882, 0.9906717590750677, -0.3258873256929871, 1.5989176339404723, -1.0673420553446133, -1.3493599333481598], [0.9906717590750677, 9.411600254981856, 0.5210404833924897, -1.121695176174197, 0.3859740065722384, 0.8268539211537371], [-0.3258873256929871, 0.5210404833924897, 11.069409006831581, 2.094549190341554, -1.2107646174390436, -1.1917191707718184], [1.5989176339404723, -1.121695176174197, 2.094549190341554, -1.802009072650445, 1.3294467393640006, 0.683289948385436], [-1.0673420553446133, 0.3859740065722384, -1.2107646174390436, 1.3294467393640006, -0.3564963088280957, -0.7815767944834926], [-1.3493599333481598, 0.8268539211537371, -1.1917191707718184, 0.683289948385436, -0.7815767944834926, 11.076968050125762]], "frequencies": ["890.0039722176068j", "(332.62841184208196+0j)", "(419.6269466037126+0j)", "(475.92822400471766+0j)", "(538.4859603984411+0j)", "(1736.8313534015942+0j)"]}