{"hessian": [[5.24582177997161, -0.0509014148355575, 0.007604037599503181, -1.3616305231853967, 0.0013241181280622357, 0.001034869022417383], [-0.0509014148355575, 5.3001877563169995, -0.004949373585475387, 0.0009705914433854296, -1.3626718199657177, 0.01568372928384401], [0.007604037599503181, -0.004949373585475387, 55.317760169150866, 0.01196848521578589, 0.018801191866903127, -47.31111995337997], [-1.3616305231853967, 0.0009705914433854296, 0.01196848521578589, 0.7811397069460739, -0.04058486340089784, 7.713309483844434e-05], [0.0013241181280622357, -1.3626718199657177, 0.018801191866903127, -0.04058486340089784, 0.8277923738076066, -0.014314616850459334], [0.001034869022417383, 0.01568372928384401, -47.31111995337997, 7.713309483844434e-05, -0.014314616850459334, 47.63867206836989]], "frequencies": ["(194.15507389280273+0j)", "(211.082218886909+0j)", "(365.0337855559441+0j)", "(505.31408882339076+0j)", "(525.0716963569591+0j)", "(3695.759521128352+0j)"]}