{"hessian": [[15.613898121983432, 6.255179031271325, -17.929022252531702, -13.725133600913297, -7.10612418904631, 18.683126809736855], [6.255179031271325, 8.435558072894503, -10.367465705011014, -7.107782550585339, -5.562369573431226, 10.817370191688628], [-17.929022252531702, -10.367465705011014, 37.86338927122414, 19.582479412280954, 11.333191335663708, -29.781055778385003], [-13.725133600913297, -7.107782550585339, 19.582479412280954, 13.198706656397912, 6.954782629215119, -19.12803692852367], [-7.10612418904631, -5.562369573431226, 11.333191335663708, 6.954782629215119, 5.210919054557155, -11.071279484381416], [18.683126809736855, 10.817370191688628, -29.781055778385003, -19.12803692852367, -11.071279484381416, 30.628703496355634]], "frequencies": ["90.73715609913535j", "(215.83293577987902+0j)", "(376.08850209592623+0j)", "(518.3946149293922+0j)", "(595.6984114340404+0j)", "(3671.265433383166+0j)"]}