{"hessian": [[13.859801556743548, -0.20581038030303275, 0.40497445893414125, -1.3612191466795913, -0.14409747667426798, 1.8721037725850014, 0.4039653009433366, 0.23042869307234515, -1.224687141057407, -0.2679218049217967, 0.19513387442579294, 0.1348093665041226], [-0.20581038030303275, -1.8090667508281748, -3.6611159187551463, 0.018968313572386677, -1.732055783389759, 2.1513320036585526, -0.20892141512818857, 0.3639910745432441, 1.3519503197831555, 0.2936006977451395, -0.12867085770655262, -0.13174975374219253], [0.40497445893414125, -3.6611159187551463, 50.08773781810536, 1.31774821998015, 2.6155768182182375, -30.74291189877996, 1.210533218154528, -1.1199018317192002, -0.9306493557748489, -0.4023583614675328, 0.3916047224954546, -0.03129032547284939], [-1.3612191466795913, 0.018968313572386677, 1.31774821998015, 2.277868845741238, -0.20122738891804054, -1.7748646510251693, -0.255541943200205, 0.17678262561211489, 0.3938415822457733, -0.01909044097254775, 0.010586517266594677, -0.021018768343512115], [-0.14409747667426798, -1.732055783389759, 2.6155768182182375, -0.20122738891804054, 1.9736687752136977, -2.358280097110455, 0.32388186522718415, -0.20451197320658335, -0.4752491360899878, 0.015882989778843615, 0.01021370730820818, -0.008748178506275258], [1.8721037725850014, 2.1513320036585526, -30.74291189877996, -1.7748646510251693, -2.358280097110455, 31.6729570453119, -0.06358980893650343, 0.11632313477447712, -0.027845047236726202, 0.010567233992885092, -0.009236688106919511, 0.07518548419390272], [0.4039653009433366, -0.20892141512818857, 1.210533218154528, -0.255541943200205, 0.32388186522718415, -0.06358980893650343, 8.327340340835981, 0.26372447901099744, -0.734229929768413, -1.1452400533736729, -0.00822753011611485, -0.6278633919860155], [0.23042869307234515, 0.3639910745432441, -1.1199018317192002, 0.17678262561211489, -0.20451197320658335, 0.11632313477447712, 0.26372447901099744, 5.873376639578272, 1.9615010295029123, 0.15701084230182633, -1.3253779686112657, 0.07675385712228719], [-1.224687141057407, 1.3519503197831555, -0.9306493557748489, 0.3938415822457733, -0.4752491360899878, -0.027845047236726202, -0.734229929768413, 1.9615010295029123, 49.66404572815705, -0.39080125275755284, -0.4089532410762313, -30.823181739475302], [-0.2679218049217967, 0.2936006977451395, -0.4023583614675328, -0.01909044097254775, 0.015882989778843615, 0.010567233992885092, -1.1452400533736729, 0.15701084230182633, -0.39080125275755284, 1.9378404526611788, -0.3319679846694282, 0.6198801166702228], [0.19513387442579294, -0.12867085770655262, 0.3916047224954546, 0.010586517266594677, 0.01021370730820818, -0.009236688106919511, -0.00822753011611485, -1.3253779686112657, -0.4089532410762313, -0.3319679846694282, 1.9572779925605, 0.04962229101281769], [0.1348093665041226, -0.13174975374219253, -0.03129032547284939, -0.021018768343512115, -0.008748178506275258, 0.07518548419390272, -0.6278633919860155, 0.07675385712228719, -30.823181739475302, 0.6198801166702228, 0.04962229101281769, 31.885394444013148]], "frequencies": ["273.4659357422791j", "(315.9662373843121+0j)", "(400.90773838826124+0j)", "(516.515736991279+0j)", "(628.6790833120041+0j)", "(644.791338073966+0j)", "(678.6126359639919+0j)", "(686.7541786947941+0j)", "(799.4697674763831+0j)", "(841.6495240691966+0j)", "(3050.3318533154825+0j)", "(3057.631878039444+0j)"]}