{"hessian": [[25.9284698072089, -2.5362904244820834, 13.303279849725314, -9.40737079028154, 0.5818085066094819, 1.4731456950482693, -8.887108065595339, 0.8252662649516431, -11.770542411156342, -2.761692610874115, 0.4010535266131803, -0.6111576491955604, -3.461090520565007, 0.4457457273142324, -0.8124750267242458, -1.7085623282535094, 0.2461831276931244, -0.11067956333545453], [-2.5362904244820834, 5.074290632566422, -1.7599136861422915, 0.7665936908110991, -4.267272772302006, -0.17770822275017778, 0.8352035786700133, -2.317560250793589, 1.4701182210758552, 2.8693896945424777, 0.28604165445095886, 0.7640482986814261, -1.5083376695683701, 0.5332467956506945, -0.5016672210722004, -0.37351701175580837, 0.07609822581615927, 0.04316239432008702], [13.303279849725314, -1.7599136861422915, 43.566186071566904, 1.9621438052932338, -0.09210977075306719, -4.253697347610416, -10.756312919365993, 1.3649408185055525, -35.089670325313115, -0.4598096616064663, 0.16104747426504534, -0.09687916711725239, 0.5655077125669294, -0.2936006977451395, 0.07862433467212271, -3.6146046625674844, 0.4943717158520518, -0.25822231824584563], [-9.40737079028154, 0.7665936908110991, 1.9621438052932338, 31.881010713123157, 2.205363736592976, -4.946146851007933, -2.5692455392518654, 0.20749445287367488, -4.878057611539179, -5.19525460854702, 5.367492809321563, 1.4620963792126433, -9.706717903592153, -8.110969154297967, 7.186933961405527, -4.2857782873053605, -0.6639359693388566, -2.4219341836259902], [0.5818085066094819, -4.267272772302006, -0.09210977075306719, 2.205363736592976, 52.95459497603396, 1.3468852465554222, 0.017657050960130843, -0.48140692816126773, 0.27946605811597036, 4.865619899996458, -28.32719978480428, -5.699325811075022, -7.680489352003869, -15.756523642097864, 9.640820529568396, -0.40163845258237263, -6.071306588691963, -5.4459435945302985], [1.4731456950482693, -0.17770822275017778, -4.253697347610416, -4.946146851007933, 1.3468852465554222, 55.74272495516399, -3.975825373454443, 0.390807680515456, -3.6848214899022027, 1.1522591650039833, -5.402196274241019, -6.104396686377712, 6.630977897082774, 9.70019372932039, -13.351520172788941, -1.0494086107946443, -5.627945559559823, -30.284516343912195], [-8.887108065595339, 0.8352035786700133, -10.756312919365993, -2.5692455392518654, 0.017657050960130843, -3.975825373454443, 13.311256697283206, -1.0005897895197282, 22.94354116435613, 0.2585822726884257, -0.06243281251392466, 0.05049003832975178, 0.3301167903933026, 0.08023127414792638, -0.05747701117054631, -0.35497293020503373, 0.1099853654819074, -0.18760054216322536], [0.8252662649516431, -2.317560250793589, 1.3649408185055525, 0.20749445287367488, -0.48140692816126773, 0.390807680515456, -1.0005897895197282, 4.493427006368714, -1.6181109190394711, 0.16190236606617284, 0.026173830181890373, 0.06095442819618534, -0.1578464508292442, 0.06997900029229884, -0.10991466014497207, -0.042796012119603585, 0.05047075505604211, -0.03515983573058459], [-11.770542411156342, 1.4701182210758552, -35.089670325313115, -4.878057611539179, 0.27946605811597036, -3.6848214899022027, 22.94354116435613, -1.6181109190394711, 59.57127753953999, 0.8982277449110337, -0.07550044433116024, 0.38694459801562375, 0.9514110138022323, -0.10715072424658956, 0.5905438295999506, -0.06096085595408843, 0.06945192414423515, -0.00942309308611289], [-2.761692610874115, 2.8693896945424777, -0.4598096616064663, -5.19525460854702, 4.865619899996458, 1.1522591650039833, 0.2585822726884257, 0.16190236606617284, 0.8982277449110337, 6.750032828966117, -6.146189968264414, -1.163417752723964, 0.6395104893066406, -1.3417816067802697, -0.34538271541343735, 0.31582145681655294, -0.3274942651687909, 0.05850545243506057], [0.4010535266131803, 0.28604165445095886, 0.16104747426504534, 5.367492809321563, -28.32719978480428, -5.402196274241019, -0.06243281251392466, 0.026173830181890373, -0.07550044433116024, -6.146189968264414, 29.749373359680053, 5.857435799978299, 0.43458713959425155, -1.4996730519148365, -0.6150207316953925, -0.02774863086817802, -0.22869319843847702, 0.0755968606997085], [-0.6111576491955604, 0.7640482986814261, -0.09687916711725239, 1.4620963792126433, -5.699325811075022, -6.104396686377712, 0.05049003832975178, 0.06095442819618534, 0.38694459801562375, -1.163417752723964, 5.857435799978299, 5.792798266503572, -0.3834671809899848, 1.7042685859741615, 0.4735650635193456, 0.6533301687985521, -2.706028227432275, -0.29275866145981844], [-3.461090520565007, -1.5083376695683701, 0.5655077125669294, -9.706717903592153, -7.680489352003869, 6.630977897082774, 0.3301167903933026, -0.1578464508292442, 0.9514110138022323, 0.6395104893066406, 0.43458713959425155, -0.3834671809899848, 11.8242463284377, 8.567931319153308, -7.325979220367867, 0.4590961804792095, 0.2869029740099898, -0.15867563159875886], [0.4457457273142324, 0.5332467956506945, -0.2936006977451395, -8.110969154297967, -15.756523642097864, 9.70019372932039, 0.08023127414792638, 0.06997900029229884, -0.10715072424658956, -1.3417816067802697, -1.4996730519148365, 1.7042685859741615, 8.567931319153308, 16.075411139434248, -10.282690006025517, 0.4489274674763235, 0.6027501418581556, -0.5318519721856969], [-0.8124750267242458, -0.5016672210722004, 0.07862433467212271, 7.186933961405527, 9.640820529568396, -13.351520172788941, -0.05747701117054631, -0.10991466014497207, 0.5905438295999506, -0.34538271541343735, -0.6150207316953925, 0.4735650635193456, -7.325979220367867, -10.282690006025517, 13.510979990851892, 1.321489175079821, 1.8906028598304534, -1.1938660419114924], [-1.7085623282535094, -0.37351701175580837, -3.6146046625674844, -4.2857782873053605, -0.40163845258237263, -1.0494086107946443, -0.35497293020503373, -0.042796012119603585, -0.06096085595408843, 0.31582145681655294, -0.02774863086817802, 0.6533301687985521, 0.4590961804792095, 0.4489274674763235, 1.321489175079821, 5.57933242653781, 0.35801325969325437, 2.727786187934657], [0.2461831276931244, 0.07609822581615927, 0.4943717158520518, -0.6639359693388566, -6.071306588691963, -5.627945559559823, 0.1099853654819074, 0.05047075505604211, 0.06945192414423515, -0.3274942651687909, -0.22869319843847702, -2.706028227432275, 0.2869029740099898, 0.6027501418581556, 1.8906028598304534, 0.35801325969325437, 5.594257680389076, 5.874874307169721], [-0.11067956333545453, 0.04316239432008702, -0.25822231824584563, -2.4219341836259902, -5.4459435945302985, -30.284516343912195, -0.18760054216322536, -0.03515983573058459, -0.00942309308611289, 0.05850545243506057, 0.0755968606997085, -0.29275866145981844, -0.15867563159875886, -0.5318519721856969, -1.1938660419114924, 2.727786187934657, 5.874874307169721, 31.9142807880302]], "frequencies": ["160.9922071270738j", "115.84398267995063j", "(59.0694685338389+0j)", "(81.43530099861752+0j)", "(139.91002278655324+0j)", "(347.0365472068207+0j)", "(383.1413004160218+0j)", "(520.1615520714361+0j)", "(815.4137511552647+0j)", "(1110.225238373516+0j)", "(1145.692064681321+0j)", "(1345.515162572278+0j)", "(1447.6006225367003+0j)", "(1451.6885785871934+0j)", "(1503.7087953000287+0j)", "(2990.1545124739946+0j)", "(3094.0116984514693+0j)", "(3143.258514198909+0j)"]}