{"hessian": [[4.459771886467934, 0.09475111728534102, -1.0670274961739779, -1.5325994696468115, -0.1388259930536151, 1.1101306416094303], [0.09475111728534102, 2.634158730506897, -4.1594624519348145, -0.15075933188199997, -1.8950941041111946, 4.8784056678414345], [-1.0670274961739779, -4.1594624519348145, 48.33763241767883, 1.1633488349616528, 5.347222834825516, -43.531765043735504], [-1.5325994696468115, -0.15075933188199997, 1.1633488349616528, 1.2805216014385223, 0.1274599228054285, -1.106726424768567], [-0.1388259930536151, -1.8950941041111946, 5.347222834825516, 0.1274599228054285, 1.5001355670392513, -4.952625557780266], [1.1101306416094303, 4.8784056678414345, -43.531765043735504, -1.106726424768567, -4.952625557780266, 44.07218396663666]], "frequencies": ["48.541142730042765j", "(201.09569339647908+0j)", "(296.3441544185846+0j)", "(533.8801276405476+0j)", "(610.4184952557164+0j)", "(3577.468727032712+0j)"]}