{"hessian": [[7.035129603005304, -0.04537354303879289, 0.20244223516174814, 0.652218166681296, -0.07456841943519411, -0.26515144126551116], [-0.04537354303879289, 9.085391541393708, -0.05970744316296167, -0.3651095044184035, 1.224687141057407, 2.544029444997554], [0.20244223516174814, -0.05970744316296167, 11.048788759478068, 0.5089627262923491, -1.4200074204623931, -0.7783693432897885], [0.652218166681296, -0.3651095044184035, 0.5089627262923491, 0.23835411856700864, 1.206734413233728, -1.2459051698959187], [-0.07456841943519411, 1.224687141057407, -1.4200074204623931, 1.206734413233728, -1.064873796309779, -3.7227324060153624], [-0.26515144126551116, 2.544029444997554, -0.7783693432897885, -1.2459051698959187, -3.7227324060153624, 3.172535612773891]], "frequencies": ["964.3608867229171j", "266.1088788109417j", "(406.45734484070795+0j)", "(469.6927775513296+0j)", "(523.7910756245244+0j)", "(1260.4138029246424+0j)"]}