{"hessian": [[6.25382661819458, -0.31980613712221384, -0.4264288581907749, -0.585142825730145, 0.28271873015910387, -0.16640630783513188], [-0.31980613712221384, 2.1949686110019684, -6.329236924648285, 0.026200502179563046, 5.072189308702946, -2.409231010824442], [-0.4264288581907749, -6.329236924648285, 6.400813162326813, 0.1341354800388217, 5.166300944983959, -1.7570974305272102], [-0.585142825730145, 0.026200502179563046, 0.1341354800388217, 0.49551771953701973, -0.18417215906083584, 0.5253549432381988], [0.28271873015910387, 5.072189308702946, 5.166300944983959, -0.18417215906083584, -6.267086416482925, 1.8366403877735138], [-0.16640630783513188, -2.409231010824442, -1.7570974305272102, 0.5253549432381988, 1.8366403877735138, 9.816497564315796]], "frequencies": ["1374.5680898305275j", "(272.1105774334505+0j)", "(294.4951382649183+0j)", "(398.27660619752515+0j)", "(440.9813168244794+0j)", "(1648.996205586265+0j)"]}