{"hessian": [[8.433256935565153, 0.6407896131293802, -0.9602556086770557, -1.3261557273175546, -0.2635830683371267, 1.130520487775311, 0.48604134160948553, -0.45176210871164135, -0.3184375542831613, -0.024560462948183467, -0.0056821379864418, 0.07550044433116018], [0.6407896131293802, 7.800932679594307, -2.1286098794706882, -0.1680601581374525, -1.294139065201642, 3.031941264156875, 0.9688880875410733, 2.0090857212604107, -2.236017714033407, -0.31248545046478415, -0.7954350405228234, 0.10572376199207609], [-0.9602556086770557, -2.1286098794706882, 46.437774059312275, 0.7654559776622301, 2.2264982045787463, -30.06379999303161, 0.8013357222779749, 2.891790430835181, -1.3867951953764825, -0.2607098605543895, -0.839085944443555, -0.08840095444291218], [-1.3261557273175546, -0.1680601581374525, 0.7654559776622301, 1.7799618630424185, 0.3398676991324792, -1.0192238596811478, 0.08219174030840676, -0.024084808863345658, 0.127038207199136, 0.0067105792509562345, 0.01018799627659538, -0.003676677520638794], [-0.2635830683371267, -1.294139065201642, 2.2264982045787463, 0.3398676991324792, 2.7665584236068486, -2.822055685343204, -0.26729831240518476, -0.8643020386978661, 0.792966781487989, 0.005020078922410775, -0.020459553405932477, 0.009641636854822166], [1.130520487775311, 3.031941264156875, -30.06379999303161, -1.0192238596811478, -2.822055685343204, 31.200979637994653, -0.023769848726088155, -0.17752181777098452, -0.030917515514462833, -0.03608543286864781, -0.02619311345560002, 0.09600499204241528], [0.48604134160948553, 0.9688880875410733, 0.8013357222779749, 0.08219174030840676, -0.26729831240518476, -0.023769848726088155, 3.5120754962533063, -5.9184095114481945, -3.4790111095991696, -1.6950833199304678, -0.20194087004529743, 2.7091328344995276], [-0.45176210871164135, 2.0090857212604107, 2.891790430835181, -0.024084808863345658, -0.8643020386978661, -0.17752181777098452, -5.9184095114481945, 8.898639463273707, -2.5190833165751774, 0.00016712170548376093, -1.3621768826071698, -0.2288474646281544], [-0.3184375542831613, -2.236017714033407, -1.3867951953764825, 0.127038207199136, 0.792966781487989, -0.030917515514462833, -3.4790111095991696, -2.5190833165751774, 50.477774167672415, 2.9617180090642536, 0.5090077205976717, -31.006784216222727], [-0.024560462948183467, -0.31248545046478415, -0.2607098605543895, 0.0067105792509562345, 0.005020078922410775, -0.03608543286864781, -1.6950833199304678, 0.00016712170548376093, 2.9617180090642536, 1.9161017754325063, 0.00038566547419279906, -2.8730020944840846], [-0.0056821379864418, -0.7954350405228234, -0.839085944443555, 0.01018799627659538, -0.020459553405932477, -0.02619311345560002, -0.20194087004529743, -1.3621768826071698, 0.5090077205976717, 0.00038566547419279906, 2.6203012202771, 0.11864998313544084], [0.07550044433116018, 0.10572376199207609, -0.08840095444291218, -0.003676677520638794, 0.009641636854822166, 0.09600499204241528, 2.7091328344995276, -0.2288474646281544, -31.006784216222727, -2.8730020944840846, 0.11864998313544084, 31.886127208414116]], "frequencies": ["219.03893706289512j", "(370.55783116323914+0j)", "(404.50759733792404+0j)", "(489.59273454257624+0j)", "(588.6951674695703+0j)", "(638.6091204364506+0j)", "(695.1026049144556+0j)", "(696.5462578571054+0j)", "(840.4550280278444+0j)", "(893.3357963305176+0j)", "(3031.376932365156+0j)", "(3066.4711511498535+0j)"]}