{"hessian": [[36.914240828203845, 0.0011891352120946969, 0.00663987391402083, -36.91103980476804, -0.001221274001610758, -0.002236859750318715], [0.0011891352120946969, -0.003676677520638829, -8.99886106450063e-05, -0.0016197949916100843, 0.0038887935314449156, 8.99886106450063e-05], [0.00663987391402083, -8.99886106450063e-05, -0.0037152440680581177, -0.0066463016719240445, 1.9283273709644215e-05, 0.00365096648902597], [-36.91103980476804, -0.0016197949916100843, -0.0066463016719240445, 36.90783878133224, 0.0016519337811261455, 0.00224328750822193], [-0.001221274001610758, 0.0038887935314449156, 1.9283273709644215e-05, 0.0016519337811261455, -0.004100909542251002, -1.9283273709644215e-05], [-0.002236859750318715, 8.99886106450063e-05, 0.00365096648902597, 0.00224328750822193, -1.9283273709644215e-05, -0.0035866889099938227]], "frequencies": ["45.95826659263083j", "44.3230897486721j", "0.14629085594451466j", "(0.5087232288568484+0j)", "(2.824350632932249+0j)", "(4462.65131319781+0j)"]}