{"hessian": [[45.852128181234576, 0.18456021267500472, 0.3173834019870341, -21.054975903780996, -5.591011662647952, -12.50652069107443, -3.3892603259965823, -0.1400994112584682, -0.017509212528356938, -21.107072881586554, 5.735462666006896, 12.164486837528568, -1.59359545039661, -0.03292297598026586, 0.05282974220652201], [0.18456021267500472, 37.496184317729295, 10.924128822703121, -6.078865631986144, -5.591622299648757, -5.2836812740215455, -0.15153439256828743, -26.18064360526781, 2.150348556699361, 6.253655652648263, -5.696073365575997, -5.30424367155393, -0.01730995203335732, 2.1186018604153833, -3.802770847426193], [0.3173834019870341, 10.924128822703121, 21.789430805076023, -10.335616164600586, -4.037249027977563, -9.43864183248068, -0.0415297438126704, -2.520902372061787, -2.657273683736391, 10.023452102030962, -4.024489928539682, -9.123771683833803, 0.017393512886099093, 0.6538443894308095, -0.7628784467430412], [-21.054975903780996, -6.078865631986144, -10.335616164600586, 22.86282780836546, 6.768409788811407, 11.570613429334749, 0.0015876562020940375, 0.1877355250791929, 0.09501511732532027, -1.8082247145428536, -0.7642347036606194, -1.2947625577182542, 0.137541163612989, -0.0742148927505174, 0.09725840483354223], [-5.591011662647952, -5.591622299648757, -4.037249027977563, 6.768409788811407, 6.457556988854041, 4.3830559754126135, -2.1699146517567467, -1.0546986555489901, -1.5157424466728733, 0.788441639924126, 0.20867073256996305, 0.4405263878968221, 0.6526552542187147, -0.14948393779716196, 0.6781927363681869], [-12.50652069107443, -5.2836812740215455, -9.43864183248068, 11.570613429334749, 4.3830559754126135, 9.93886923578256, -0.13500219924121915, -0.04822103978991696, 0.03815517091348271, 1.2721111388673252, 0.41751501460331325, 0.8277923738076066, -0.8120250836710209, 0.4475519272850357, -1.0452369959154582], [-3.3892603259965823, -0.15153439256828743, -0.0415297438126704, 0.0015876562020940375, -2.1699146517567467, -0.13500219924121915, 3.5006083761539712, 0.13829321128766495, 0.013594707965299171, 0.013684696575944153, 2.183586492816884, 0.14980532569232283, -0.2144685701986629, -0.006202786376602212, 0.016635037453519713], [-0.1400994112584682, -26.18064360526781, -2.520902372061787, 0.1877355250791929, -1.0546986555489901, -0.04822103978991696, 0.13829321128766495, 27.446770501527244, 1.1578256033481673, -0.1889632268387067, -1.0916518357345715, -0.06662371066682056, -0.0019026163393514326, 0.3260223086089547, -0.017226391180615638], [-0.017509212528356938, 2.150348556699361, -2.657273683736391, 0.09501511732532027, -1.5157424466728733, 0.03815517091348271, 0.013594707965299171, 1.1578256033481673, 3.5416817491555133, -0.09934099839418378, -1.4798627020571287, 0.032723715485266175, 0.0026289529824148074, -0.7565406774504713, 1.1517320888559195], [-21.107072881586554, 6.253655652648263, 10.023452102030962, -1.8082247145428536, 0.788441639924126, 1.2721111388673252, 0.013684696575944153, -0.1889632268387067, -0.09934099839418378, 22.93795544273824, -6.961705324476881, -11.25325573837933, 0.1320390028478371, 0.064296862305857, -0.06492678258037207], [5.735462666006896, -5.696073365575997, -4.024489928539682, -0.7642347036606194, 0.20867073256996305, 0.41751501460331325, 2.183586492816884, -1.0916518357345715, -1.4798627020571287, -6.961705324476881, 6.646725903945649, 4.347504046449932, -0.6594429665645094, -0.1769176085280823, 0.7397899403546936], [12.164486837528568, -5.30424367155393, -9.123771683833803, -1.2947625577182542, 0.4405263878968221, 0.8277923738076066, 0.14980532569232283, -0.06662371066682056, 0.032723715485266175, -11.25325573837933, 4.347504046449932, 9.706325810360058, 0.847075647517251, 0.5003045363967189, -1.1307775980914396], [-1.59359545039661, -0.01730995203335732, 0.017393512886099093, 0.137541163612989, 0.6526552542187147, -0.8120250836710209, -0.2144685701986629, -0.0019026163393514326, 0.0026289529824148074, 0.1320390028478371, -0.6594429665645094, 0.847075647517251, 3.7972751144189436, -0.07012041096616957, -0.22764547390025325], [-0.03292297598026586, 2.1186018604153833, 0.6538443894308095, -0.0742148927505174, -0.14948393779716196, 0.4475519272850357, -0.006202786376602212, 0.3260223086089547, -0.7565406774504713, 0.064296862305857, -0.1769176085280823, 0.5003045363967189, -0.07012041096616957, -1.3908382550976046, 3.705634569992812], [0.05282974220652201, -3.802770847426193, -0.7628784467430412, 0.09725840483354223, 0.6781927363681869, -1.0452369959154582, 0.016635037453519713, -0.017226391180615638, 1.1517320888559195, -0.06492678258037207, 0.7397899403546936, -1.1307775980914396, -0.22764547390025325, 3.705634569992812, 2.7815736660687578]], "frequencies": ["1097.5542098191634j", "66.19576108430279j", "(148.51030877317518+0j)", "(164.98569112855836+0j)", "(239.54518260588338+0j)", "(502.6314276606836+0j)", "(719.4802667439315+0j)", "(1065.654363994306+0j)", "(1137.3058481157625+0j)", "(1273.2203670291456+0j)", "(1374.6553888109813+0j)", "(1416.3639939870493+0j)", "(2822.834877432565+0j)", "(3027.3300371521427+0j)", "(3086.740490865142+0j)"]}