{"hessian": [[1.8142655491828918, 1.631351001560688, 4.065897688269615, 2.7231095358729362, 0.34435708075761795, 3.842325694859028], [1.631351001560688, 5.000106617808342, -2.957636024802923, -1.1601910926401615, 0.07989031146280468, -1.7216452397406101], [4.065897688269615, -2.957636024802923, 8.457492291927338, -3.92305850982666, 0.3903856500983238, -1.3960171025246382], [2.7231095358729362, -1.1601910926401615, -3.92305850982666, -2.9875192791223526, -0.07350064115598798, -3.9326895028352737], [0.34435708075761795, 0.07989031146280468, 0.3903856500983238, -0.07350064115598798, 1.8025744706392288, 3.097732923924923], [3.842325694859028, -1.7216452397406101, -1.3960171025246382, -3.9326895028352737, 3.097732923924923, 3.30851674079895]], "frequencies": ["1224.9054297906669j", "(248.31867105170443+0j)", "(297.69651765829263+0j)", "(313.2248562453773+0j)", "(474.2828862941889+0j)", "(1363.6387584497222+0j)"]}