{"hessian": [[5.360955779533992, -1.1877018220823095, -2.1294326324823003, -1.2757749608721576, -0.19905480674675397, 0.9248258071145363, 0.4364961836915063, -0.13078559005671012, 0.5106532266208947, 0.008754606264178476, -0.07408633759245313, -0.0109786104986908], [-1.1877018220823095, 7.721447025363154, -1.777313626786294, -0.014591010440297451, -1.2264997687861134, -0.503383432432359, 0.22605781769815908, 0.6493899532038817, 1.7395184103153913, -0.20068745725417048, -0.5151783681847579, -0.11424054121383549], [-2.1294326324823003, -1.777313626786294, 49.19962736413397, 1.205680260937601, -0.014578154924491028, -31.042406850522344, -0.5567466785448475, -1.8747648643569326, -1.0139338149268022, 0.1727202826172833, 0.6122053737337843, -0.08906944126484659], [-1.2757749608721576, -0.014591010440297451, 1.205680260937601, 1.6794831514993656, 0.168227279842936, -1.0055648741368164, 0.036792486238001194, -0.053228263196521214, -0.18165486610275164, 0.013369736438686736, 0.009918030444660457, -0.004467291742734259], [-0.19905480674675397, -1.2264997687861134, -0.014578154924491028, 0.168227279842936, 2.2640491662493267, 0.40487804256559307, -0.12483991399623659, -0.5448746096976098, -0.5959110074491349, 0.0020954490764479297, -0.023409894283508047, 0.005084356501442865], [0.9248258071145363, -0.503383432432359, -31.042406850522344, -1.0055648741368164, 0.40487804256559307, 31.864311398090607, 0.11442051843512543, 0.16586829269245623, -0.10556949580239877, -0.033218652843813756, -0.00840750733740478, -0.043303804993957654], [0.4364961836915063, 0.22605781769815908, -0.5567466785448475, 0.036792486238001194, -0.12483991399623659, 0.11442051843512543, 2.3197264052069726, -7.116916394565807, 3.165587206480516, -1.523365767546086, -0.16644679090374576, -1.9886968731914139], [-0.13078559005671012, 0.6493899532038817, -1.8747648643569326, -0.053228263196521214, -0.5448746096976098, 0.16586829269245623, -7.116916394565807, 10.926134283168926, 0.6752231122169017, -0.009506653938854553, -1.347894404546227, 0.8136963007258566], [0.5106532266208947, 1.7395184103153913, -1.0139338149268022, -0.18165486610275164, -0.5959110074491349, -0.10556949580239877, 3.165587206480516, 0.6752231122169017, 49.49180752738251, -2.3325626377396924, 0.17212892889018744, -31.021535920610603], [0.008754606264178476, -0.20068745725417048, 0.1727202826172833, 0.013369736438686736, 0.0020954490764479297, -0.033218652843813756, -1.523365767546086, -0.009506653938854553, -2.3325626377396924, 1.7325250097166933, -0.011261431846432222, 2.165408793466593], [-0.07408633759245313, -0.5151783681847579, 0.6122053737337843, 0.009918030444660457, -0.023409894283508047, -0.00840750733740478, -0.16644679090374576, -1.347894404546227, 0.17212892889018744, -0.011261431846432222, 2.3759050092810696, -0.7133911386461906], [-0.0109786104986908, -0.11424054121383549, -0.08906944126484659, -0.004467291742734259, 0.005084356501442865, -0.043303804993957654, -1.9886968731914139, 0.8136963007258566, -31.021535920610603, 2.165408793466593, -0.7133911386461906, 31.659188787883217]], "frequencies": ["261.80293404344405j", "(279.72524387195546+0j)", "(395.55444441195993+0j)", "(540.5515886119143+0j)", "(610.0703279850877+0j)", "(628.0396120000064+0j)", "(676.1752077458201+0j)", "(682.3490666135489+0j)", "(801.4189947838757+0j)", "(843.2889922654383+0j)", "(3050.9626177423793+0j)", "(3054.517099596785+0j)"]}