{"hessian": [[13.920055359328284, -19.868109690226103, 2.1964741474128298, -0.8730180784146253, 2.2169529840924724, 0.8562352025293318, -12.889171546810704, 16.29314501064775, -0.221359126670909, 0.10885408009094158, -0.04046916375863999, -0.2575216926343953, -0.020337426005771417, 0.1529613548228011, -0.1064500986351392, 0.13510504336767054, 0.23199706600072953, 0.22353170884219564], [-19.868109690226103, 35.5495121257091, -3.2768774068167756, 2.3820113792891235, -3.5604700855066094, -1.2799722867829568, 15.987749377150205, -30.273621294266245, 0.5252635203349019, 0.05838975279280263, 0.016140100094972253, 0.2702100867353412, 0.01867263670883878, 0.09817757421370188, 0.3398548436166728, 0.18884109943854582, -0.08136898729679536, -0.4551881036740549], [2.1964741474128298, -3.2768774068167756, 12.73638374145129, 2.1742469605835133, -3.483606956499968, 0.4042866888384973, -4.064573426824129, 6.814258985935038, -7.320194238254974, -0.08836238789549292, -0.06634731707698249, 0.3567405636284179, 0.08721824698872074, 0.030769677082688962, 0.2628952982414826, 0.2639430227797067, -0.48421585836497255, -0.6036243169329927], [-0.8730180784146253, 2.3820113792891235, 2.1742469605835133, 51.01920992689182, -1.829969819529429, 2.543560218670619, -5.607087485163891, 1.3466345639971968, 1.8722580387746786, -9.815758388662289, -7.545692841015553, 7.3030514079271, -20.905087017235935, -6.011007791801905, -10.281912247319228, -13.161592782264751, 12.068025474675022, -3.0115331328141686], [2.2169529840924724, -3.5604700855066094, -3.483606956499968, -1.829969819529429, 52.61207261288745, -4.560777053678597, 1.315151405787251, -6.649920499623548, -2.7528287327255816, -7.6251656397309, -14.798794142276773, 9.821588365080505, -5.772505834803123, -6.210583246938819, -3.683265972489624, 12.006897497015451, -20.659135288827322, 4.209763622341943], [0.8562352025293318, -1.2799722867829568, 0.4042866888384973, 2.543560218670619, -4.560777053678597, 41.45971981807279, 1.9792159302841719, -3.6548167160099956, -13.99424454104719, 7.089315602129403, 9.378568007117234, -12.213202814677032, -9.644445785025809, -3.5882572829222075, -9.32303217883346, -2.738983342202057, 3.8923287982916834, -5.213065925696828], [-12.889171546810704, 15.987749377150205, -4.064573426824129, -5.607087485163891, 1.315151405787251, 1.9792159302841719, 24.109555731272994, -18.4742760999456, -0.8659925390264117, -0.5379069201305251, 0.7686827121296439, 1.3798532168410107, 0.6025444536052527, -1.1473612134817337, -1.6199171190102746, -0.6477573026964651, 0.46518326721355363, 1.549134648980074], [16.29314501064775, -30.273621294266245, 6.814258985935038, 1.3466345639971968, -6.649920499623548, -3.6548167160099956, -18.4742760999456, 39.27029692107979, 1.0625148091592989, -0.5475806957748635, 0.7804583646083334, 1.059249508144466, 0.27019723121953465, -0.6101549189626589, -1.0975718007634323, 0.2883685028119227, -1.0443756763564271, -2.0365515307808475], [-0.221359126670909, 0.5252635203349019, -7.320194238254974, 1.8722580387746786, -2.7528287327255816, -13.99424454104719, -0.8659925390264117, 1.0625148091592989, 33.54786974810061, 0.38242588420966395, -0.6997000143123433, -2.232996667818896, 0.21216100511140884, -0.6061118592415368, -1.8175642467762247, -0.40104067109737385, 0.5529028793187252, 0.6816701533938261], [0.10885408009094158, 0.05838975279280263, -0.08836238789549292, -9.815758388662289, -7.6251656397309, 7.089315602129403, -0.5379069201305251, -0.5475806957748635, 0.38242588420966395, 10.386138341719853, 8.554143778450914, -7.8841785721988416, -1.1625114388596107, -1.5859399907338814, 1.5134348815856193, 0.9557754614185151, 1.105407237647451, -1.123488520629194], [-0.04046916375863999, 0.016140100094972253, -0.06634731707698249, -7.545692841015553, -14.798794142276773, 9.378568007117234, 0.7686827121296439, 0.7804583646083334, -0.6997000143123433, 8.554143778450914, 15.996761093730516, -10.343020941705092, -0.34482350047585775, -0.5827469592633512, 0.5521058373387266, -1.289253969195199, -1.3678204540461927, 1.2486755335522042], [-0.2575216926343953, 0.2702100867353412, 0.3567405636284179, 7.3030514079271, 9.821588365080505, -12.213202814677032, 1.3798532168410107, 1.059249508144466, -2.232996667818896, -7.8841785721988416, -10.343020941705092, 13.487582952084193, -0.738600805142599, -0.989090530630877, 0.9618175538475371, 0.22251612309348773, 0.23587943177427118, -0.283528401110802], [-0.020337426005771417, 0.01867263670883878, 0.08721824698872074, -20.905087017235935, -5.772505834803123, -9.644445785025809, 0.6025444536052527, 0.27019723121953465, 0.21216100511140884, -1.1625114388596107, -0.34482350047585775, -0.738600805142599, 22.85942109667676, 6.577794628191575, 10.763916956965495, -1.3494049276534825, -0.6413038337616375, -0.7077475672071682], [0.1529613548228011, 0.09817757421370188, 0.030769677082688962, -6.011007791801905, -6.210583246938819, -3.5882572829222075, -1.1473612134817337, -0.6101549189626589, -0.6061118592415368, -1.5859399907338814, -0.5827469592633512, -0.989090530630877, 6.577794628191575, 6.45701705719017, 4.056635145813658, 1.958621393962272, 0.8445302553875778, 1.1942967016910075], [-0.1064500986351392, 0.3398548436166728, 0.2628952982414826, -10.281912247319228, -3.683265972489624, -9.32303217883346, -1.6199171190102746, -1.0975718007634323, -1.8175642467762247, 1.5134348815856193, 0.5521058373387266, 0.9618175538475371, 10.763916956965495, 4.056635145813658, 10.362612747794088, -0.3586753187572855, -0.1520936075058671, -0.2570524663074605], [0.13510504336767054, 0.18884109943854582, 0.2639430227797067, -13.161592782264751, 12.006897497015451, -2.738983342202057, -0.6477573026964651, 0.2883685028119227, -0.40104067109737385, 0.9557754614185151, -1.289253969195199, 0.22251612309348773, -1.3494049276534825, 1.958621393962272, -0.3586753187572855, 14.023143740580043, -13.192214620915667, 3.0260598656754336], [0.23199706600072953, -0.08136898729679536, -0.48421585836497255, 12.068025474675022, -20.659135288827322, 3.8923287982916834, 0.46518326721355363, -1.0443756763564271, 0.5529028793187252, 1.105407237647451, -1.3678204540461927, 0.23587943177427118, -0.6413038337616375, 0.8445302553875778, -0.1520936075058671, -13.192214620915667, 22.289741769230645, -4.143763404191734], [0.22353170884219564, -0.4551881036740549, -0.6036243169329927, -3.0115331328141686, 4.209763622341943, -5.213065925696828, 1.549134648980074, -2.0365515307808475, 0.6816701533938261, -1.123488520629194, 1.2486755335522042, -0.283528401110802, -0.7077475672071682, 1.1942967016910075, -0.2570524663074605, 3.0260598656754336, -4.143763404191734, 5.768449919566194]], "frequencies": ["32.089531099942704j", "(110.85937361958428+0j)", "(160.1371150041521+0j)", "(181.67412019492153+0j)", "(238.0713362235749+0j)", "(339.2434939768199+0j)", "(451.20291243326074+0j)", "(585.2959550179829+0j)", "(942.7728103652565+0j)", "(955.0952349306233+0j)", "(1067.0687276194526+0j)", "(1337.0042939213336+0j)", "(1361.4599871259536+0j)", "(1434.4955728332718+0j)", "(1449.0236161880025+0j)", "(2982.317260064351+0j)", "(3045.317012067174+0j)", "(3107.2833707944196+0j)"]}