{"hessian": [[6.554920971393585, -5.499626882374287, 1.876913197338581, -5.770885944366455, 4.450006410479546, 2.3644139990210533], [-5.499626882374287, 5.5962130427360535, -0.6723833503201604, 4.530126973986626, -4.54142801463604, -1.9666792824864388], [1.876913197338581, -0.6723833503201604, 9.847694635391235, -2.3293135687708855, 2.0432284101843834, -0.3225484164431691], [-5.770885944366455, 4.530126973986626, -2.3293135687708855, 6.508538126945496, -5.584980174899101, -2.279151137918234], [4.450006410479546, -4.54142801463604, 2.0432284101843834, -5.584980174899101, 5.5306702852249146, 0.4672712879255414], [2.3644139990210533, -1.9666792824864388, -0.3225484164431691, -2.279151137918234, 0.4672712879255414, 8.787848055362701]], "frequencies": ["64.90011698434884j", "(127.39044444236171+0j)", "(172.9306003712915+0j)", "(351.8470453001157+0j)", "(412.03475576508913+0j)", "(626.4287567127283+0j)"]}