{"hessian": [[26.834398006087977, 13.93018550578375, -16.152544234272828, -25.11386719261868, -12.336602910902947, 6.690498935266542, -3.7628094765419067, -2.5311289348858024, 1.3495206272957403, 2.557945540858014, 1.9499439207929319, 6.223535179113798], [13.93018550578375, 10.132486159343195, -9.20590557432108, -12.385961663841734, -10.248648600170092, 3.838669875315647, -2.4981031147790844, -0.6976367040254114, 0.7464105309950049, 1.9967379983283355, 0.09412165897677341, 3.5103657126510512], [-16.152544234272828, -9.20590557432108, 17.97442793436001, 15.093365431465298, 8.591251224826172, -14.98164457134952, -1.652557273642799, -0.9352387749177441, 1.545059450469436, 1.5359770285521934, 0.8526613691351445, 0.025421782507214226], [-25.11386719261868, -12.385961663841734, 15.093365431465298, 43.484720667901556, 19.219079691464806, 0.7057999565624942, -11.30942148693762, -4.359793919560878, -11.547235673840758, -3.946534080689494, -2.2337165767040563, -4.069966315704926], [-12.336602910902947, -10.248648600170092, 8.591251224826172, 19.219079691464806, 20.399775257432612, -0.11456835686689923, -4.387921788145346, -5.665130139029921, -6.325023048647656, -2.2770589482454335, -1.1833695132555424, -2.3216547325779366], [6.690498935266542, 3.838669875315647, -14.98164457134952, 0.7057999565624942, -0.11456835686689923, 37.15544887127988, -9.598577304628469, -5.222276902772135, -16.142542642975425, 0.8090940260671549, 0.41916052062653597, 4.100671715208583], [-3.7628094765419067, -2.4981031147790844, -1.652557273642799, -11.30942148693762, -4.387921788145346, -9.598577304628469, 14.490403173596333, 7.155405808890257, 10.641712423709576, 0.42166734620879, -0.007179805577890827, 0.8474805962651535], [-2.5311289348858024, -0.6976367040254114, -0.9352387749177441, -4.359793919560878, -5.665130139029921, -5.222276902772135, 7.155405808890257, 5.529620146914348, 5.8292757926043155, -0.01016871300288573, 0.42533116821362227, 0.4767018093761144], [1.3495206272957403, 0.7464105309950049, 1.545059450469436, -11.547235673840758, -6.325023048647656, -16.142542642975425, 10.641712423709576, 5.8292757926043155, 15.33972853637971, -0.0906185309195214, -0.04838173373749729, -0.2181131089297856], [2.557945540858014, 1.9967379983283355, 1.5359770285521934, -3.946534080689494, -2.2770589482454335, 0.8090940260671549, 0.42166734620879, -0.01016871300288573, -0.0906185309195214, 0.8824797380481575, -0.4552330979793773, -3.4574331263180778], [1.9499439207929319, 0.09412165897677341, 0.8526613691351445, -2.2337165767040563, -1.1833695132555424, 0.41916052062653597, -0.007179805577890827, 0.42533116821362227, -0.04838173373749729, -0.4552330979793773, 1.517040853769323, -1.9517629762795419], [6.223535179113798, 3.5103657126510512, 0.025421782507214226, -4.069966315704926, -2.3216547325779366, 4.100671715208583, 0.8474805962651535, 0.4767018093761144, -0.2181131089297856, -3.4574331263180778, -1.9517629762795419, -3.408871415359291]], "frequencies": ["1351.1743752995858j", "(82.27287811750129+0j)", "(149.78489756755235+0j)", "(192.97989394188784+0j)", "(354.4815208802688+0j)", "(511.6638213659131+0j)", "(675.1386411557125+0j)", "(805.9366785591619+0j)", "(940.1987969355287+0j)", "(1238.8938175465396+0j)", "(1371.1046297599614+0j)", "(2907.902040690578+0j)"]}