{"hessian": [[49.27727467960481, 1.0525325011356066, 0.6276705592489189, -27.26402934433885, 2.071576383595464, -9.777294685369451, -14.373990050211212, -9.699801636088296, 8.408863594322455, -6.811765015868591, 8.193482282501535, 1.469276184790534, -0.414545390452028, -0.24343204731054846, -0.7335807262201882], [1.0525325011356066, 44.73110149188232, -6.155105268476174, 2.3188458023742324, -4.457971493774581, 1.5764011980055108, -9.84919558527481, -13.44843147869571, 9.347457658865675, 7.689552490647402, -27.2667225749003, -4.786937715503208, -0.04885738782233516, 1.1587640560020367, 3.788301964386056], [0.6276705592489189, -6.155105268476174, 22.482111707758055, -8.263763387415285, 1.0768679925571778, -6.122600096759617, 7.6432276394389325, 7.903731811740419, -9.287300272649489, 0.4467098909997147, -1.6536435647284424, -2.4218634782890547, -0.07105886362003888, -0.020588108563996753, -0.8683386706610852], [-27.26402934433885, 2.3188458023742324, -8.263763387415285, 29.28071267544086, -2.5376081148522425, 9.04377180897039, -1.518127144854966, 0.3202951763171904, -0.6972317552775088, -0.6724720318343258, -0.13209042491106282, -0.2808994481283872, 0.0655952694023064, 0.06775499605778648, 0.18149417215517127], [2.071576383595464, -4.457971493774581, 1.0768679925571778, -2.5376081148522425, 4.4913572683238785, -1.1136347677635658, -1.7448534493750594, 0.16973780295019153, -0.6958305040546081, 2.6022070817795506, -0.1384217664457293, 1.0075960456342323, -0.34933578652391445, -0.0808162001171189, -0.2387012174937825], [-9.777294685369451, 1.5764011980055108, -6.122600096759617, 9.04377180897039, -1.1136347677635658, 6.688789151664287, 1.4057956477383853, -0.18508728882306835, 0.6276127094277901, 0.30895661137591957, -0.029252726217530306, 0.14439958129571903, -0.5199927588542658, -0.20235224655110312, -0.648052979560013], [-14.373990050211212, -9.84919558527481, 7.6432276394389325, -1.518127144854966, -1.7448534493750594, 1.4057956477383853, 15.123370205357503, 10.791479182854479, -8.550827055372855, 0.6330055983085872, 0.7336321482834139, -0.47019691837806116, 0.04669123340895183, 0.013633274512718441, 0.058177636781996556], [-9.699801636088296, -13.44843147869571, 7.903731811740419, 0.3202951763171904, 0.16973780295019153, -0.18508728882306835, 10.791479182854479, 14.968191274058093, -8.38212412144508, -1.8194025855365439, -1.7053613048177083, 1.394559926923566, 0.2565061068856873, -0.0009963024749983299, -0.791822640581217], [8.408863594322455, 9.347457658865675, -9.287300272649489, -0.6972317552775088, -0.6958305040546081, 0.6276127094277901, -8.550827055372855, -8.38212412144508, 10.261157017049745, -0.12284088128833681, -0.175529212820988, 0.21755389399220598, 0.5595941752959718, -0.275236593415655, -1.7062740464399646], [-6.811765015868591, 7.689552490647402, 0.4467098909997147, -0.6724720318343258, 2.6022070817795506, 0.30895661137591957, 0.6330055983085872, -1.8194025855365439, -0.12284088128833681, 6.92763177983194, -8.65659581167025, -0.879471547349453, -0.1494453712497426, -0.020922351974964018, 0.3625448290150207], [8.193482282501535, -27.2667225749003, -1.6536435647284424, -0.13209042491106282, -0.1384217664457293, -0.029252726217530306, 0.7336321482834139, -1.7053613048177083, -0.175529212820988, -8.65659581167025, 28.99831555972102, 2.0380170595827805, -0.0962171080532214, 0.23718426662862374, 0.1266075474196206], [1.469276184790534, -4.786937715503208, -2.4218634782890547, -0.2808994481283872, 1.0075960456342323, 0.14439958129571903, -0.47019691837806116, 1.394559926923566, 0.21755389399220598, -0.879471547349453, 2.0380170595827805, 2.913047026221112, 0.05360107315490768, 0.3883394214806215, 1.1470526811023793], [-0.414545390452028, -0.04885738782233516, -0.07105886362003888, 0.0655952694023064, -0.34933578652391445, -0.5199927588542658, 0.04669123340895183, 0.2565061068856873, 0.5595941752959718, -0.1494453712497426, -0.0962171080532214, 0.05360107315490768, 0.4342464684253811, 0.0058171209024093715, 0.2127330755647949], [-0.24343204731054846, 1.1587640560020367, -0.020588108563996753, 0.06775499605778648, -0.0808162001171189, -0.20235224655110312, 0.013633274512718441, -0.0009963024749983299, -0.275236593415655, -0.020922351974964018, 0.23718426662862374, 0.3883394214806215, 0.0058171209024093715, 2.810845675559998, -6.465167454211446], [-0.7335807262201882, 3.788301964386056, -0.8683386706610852, 0.18149417215517127, -0.2387012174937825, -0.648052979560013, 0.058177636781996556, -0.791822640581217, -1.7062740464399646, 0.3625448290150207, 0.1266075474196206, 1.1470526811023793, 0.2127330755647949, -6.465167454211446, 4.327500863855127]], "frequencies": ["1017.4562407216521j", "113.12737606468978j", "(26.554601631675734+0j)", "(175.45123236600838+0j)", "(201.49041607357918+0j)", "(378.52722995538943+0j)", "(743.0261548894579+0j)", "(835.2638642807209+0j)", "(1188.7756350585094+0j)", "(1419.016163309909+0j)", "(1432.228905702557+0j)", "(1679.2377076127798+0j)", "(3000.7994933850264+0j)", "(3089.231143150064+0j)", "(3113.873649445127+0j)"]}