{"hessian": [[18.762355353651884, 9.789925229649267, 0.4342593239411877, -8.870961537742463, -6.598594852766377, -5.920125722808352, -3.4236873973262005, -2.7235181566869224, 5.384757767049598, 1.170359731259436, -1.1627492659020298, 1.4215757933907773], [9.789925229649267, 19.60342747528753, -10.792597612729637, -5.782173182689558, -7.241949141299141, -4.898260054628983, -3.116202742510117, -7.106901947752599, 12.741654502931926, -1.727800607657831, 0.45770778477211493, -1.3553634592297625], [0.4342593239411877, -10.792597612729637, 31.359501003403732, -1.1955051201768119, -1.5250562678746316, -4.962306234376615, 4.669489723095667, 10.7385337410057, -21.636591577653377, -2.401391069367316, 1.615134867130283, -2.277046092729626], [-8.870961537742463, -5.782173182689558, -1.1955051201768119, 10.191544398957932, 7.139522819111413, 4.199749175528735, -0.9531207974044875, -1.3441277384149433, -0.4318874812749014, -0.38443134467546713, -0.1471956559836175, -0.1549796708044105], [-6.598594852766377, -7.241949141299141, -1.5250562678746316, 7.139522819111413, 8.313816338207616, 3.2965720570322254, -1.5219452330494756, -1.1012870448314906, -0.3231940951315402, 0.38232946784111577, 0.09331818923887153, 0.19744786727095034], [-5.920125722808352, -4.898260054628983, -4.962306234376615, 4.199749175528735, 3.2965720570322254, 7.692059316229656, 1.5385481317134793, 1.5429768569087943, 0.3923439146543244, -0.0375959559759029, 0.043914441994763034, -0.04020562568460813], [-3.4236873973262005, -3.116202742510117, 4.669489723095667, -0.9531207974044875, -1.5219452330494756, 1.5385481317134793, 4.68023050655194, 3.4886656019697986, -4.921901348197007, -0.43223458020167493, 0.7127805016453853, -0.8112408972068287], [-2.7235181566869224, -7.106901947752599, 10.7385337410057, -1.3441277384149433, -1.1012870448314906, 1.5429768569087943, 3.4886656019697986, 9.348775349235835, -12.106662727431246, 0.4852185885978741, -0.6025894479105751, 0.687268730527526], [5.384757767049598, 12.741654502931926, -21.636591577653377, -0.4318874812749014, -0.3231940951315402, 0.3923439146543244, -4.921901348197007, -12.106662727431246, 22.55374264183148, -0.04703190457782222, 0.03972997159977032, 0.058974678761995275], [1.170359731259436, -1.727800607657831, -2.401391069367316, -0.38443134467546713, 0.38232946784111577, -0.0375959559759029, -0.43223458020167493, 0.4852185885978741, -0.04703190457782222, -1.0569676540888249, 1.1700062045747592, -1.0826272636384582], [-1.1627492659020298, 0.45770778477211493, 1.615134867130283, -0.1471956559836175, 0.09331818923887153, 0.043914441994763034, 0.7127805016453853, -0.6025894479105751, 0.03972997159977032, 1.1700062045747592, 0.0683013554795598, 1.9891211052130258], [1.4215757933907773, -1.3553634592297625, -2.277046092729626, -0.1549796708044105, 0.19744786727095034, -0.04020562568460813, -0.8112408972068287, 0.687268730527526, 0.058974678761995275, -1.0826272636384582, 1.9891211052130258, 11.507872084441471]], "frequencies": ["867.0002372807538j", "(287.13589353393877+0j)", "(337.62833397442625+0j)", "(351.67000333440865+0j)", "(481.44650986543365+0j)", "(514.1159870922924+0j)", "(771.4233259974214+0j)", "(933.708693733715+0j)", "(1428.1950015109232+0j)", "(1802.239073912502+0j)", "(2342.1181377203134+0j)", "(3008.003164226357+0j)"]}