{"hessian": [[2.416168484786806, 5.159625546489501, 4.76458840127373, -0.017477073738840932, -0.8999311007553855, -0.36191490874050564, -3.539721282995033, -4.153842128583975, -4.11796238396823, 0.2113639631314102, -0.09324105614403294, 0.18134633372339737, 0.04708975439895113, 0.006717007008859402, 0.037814499744612304, 0.059823142805219526, 0.1027348545670811, -0.1283301865376822], [5.159625546489501, 41.72491625364362, 35.95464085083292, -0.7171449492616682, -5.85393909967895, -2.096850327670905, -4.175593661328454, -35.577170767966635, -31.96194261288253, -0.22137198218671544, -0.49700709659236975, 1.0704209513802532, 0.052135544352974725, 0.301995349566738, -0.3719100722800046, 0.011589247499496158, 0.2866587192096677, -0.30200820508254433], [4.76458840127373, 35.95464085083292, 38.97395157070997, -0.1580907056295665, -0.7985910696533021, 0.3237918766165392, -4.372250914377309, -34.25522522207568, -36.961896225298275, 0.02403981455802311, 0.16003831627424056, 0.170920510404383, 0.13841533868782613, 0.02525466080173072, 0.15109730503086888, -0.12399144995301224, 0.03678605848009782, 0.11960771906301981], [-0.017477073738840932, -0.7171449492616682, -0.1580907056295665, 51.70628582468224, -3.7418292747458137, 2.64001515376626, -0.675415944953998, 0.8196419767863306, -0.18405241980065085, -3.913418271972131, -1.804972269043827, -0.6249966119611816, -22.03286285238657, 0.15805213908214716, -13.354206975592486, -23.686467850567595, 4.74181485502264, 11.50895194776921], [-0.8999311007553855, -5.85393909967895, -0.7985910696533021, -3.7418292747458137, 33.397305946975706, 13.254094646249916, 1.1721787867460458, 5.893797626436784, -2.4196973238756714, -1.8232206737310535, -24.618235636217598, -7.291442877153894, -0.2459131618611894, -2.87811216201714, -1.2782046533595728, 5.210224856703608, -4.171666301249589, -3.882719300226378], [-0.36191490874050564, -2.096850327670905, 0.3237918766165392, 2.64001515376626, 13.254094646249916, 34.85127764019869, 0.5425027670313236, 2.4737483400838043, -3.5860975562667265, -0.972410498872035, -10.763949095755011, -6.602175113918468, -12.476843732835286, -0.8113630246069898, -13.08452396500521, 10.810068258710576, -3.326396853703142, -10.342551715378153], [-3.539721282995033, -4.175593661328454, -4.372250914377309, -0.675415944953998, 1.1721787867460458, 0.5425027670313236, 5.7032853099434035, 4.580047471872435, 4.136120800044813, -0.5124337155600851, 0.17400583419792612, -0.34370507060069844, 0.10942615054432761, 0.6769650346086729, -0.3313573476686229, -0.14676499620410205, -1.1709703682602415, 0.6850382985351104], [-4.153842128583975, -35.577170767966635, -34.25522522207568, 0.8196419767863306, 5.893797626436784, 2.4737483400838043, 4.580047471872435, 37.48569421683124, 39.04605173111034, 0.27671497773339443, 0.6782827249788319, -1.6185351510610835, -0.34240666350424903, -1.3602999772994315, 1.0193267038075993, -0.05761199408651369, -1.040300477845789, 0.8153675177806925], [-4.11796238396823, -31.96194261288253, -36.961896225298275, -0.18405241980065085, -2.4196973238756714, -3.5860975562667265, 4.136120800044813, 39.04605173111034, 50.83858992981147, -0.23064723684105437, -0.736569633645183, 1.177841641458778, 0.1382417892244393, 1.3792747186297214, -1.1231349939445172, 0.2761879015853308, 1.1740299810221715, -0.9708164149120377], [0.2113639631314102, -0.22137198218671544, 0.02403981455802311, -3.913418271972131, -1.8232206737310535, -0.972410498872035, -0.5124337155600851, 0.27671497773339443, -0.23064723684105437, 3.9678292426228445, 1.8310561106150725, 1.0414960408157872, -0.1112773448204535, -2.1747997477631897, -0.897398564141519, 0.2753137265104936, 2.2183670908311792, 0.8940304190002345], [-0.09324105614403294, -0.49700709659236975, 0.16003831627424056, -1.804972269043827, -24.618235636217598, -10.763949095755011, 0.17400583419792612, 0.6782827249788319, -0.736569633645183, 1.8310561106150725, 25.404131884012052, 10.530364373552185, 0.12094469270688851, -0.13793325684508503, -0.09075994159339207, -0.19714576264949918, -0.5606547553500022, -0.2871472288103119], [0.18134633372339737, 1.0704209513802532, 0.170920510404383, -0.6249966119611816, -7.291442877153894, -6.602175113918468, -0.34370507060069844, -1.6185351510610835, 1.177841641458778, 1.0414960408157872, 10.530364373552185, 7.863024820939363, -0.030731110535269675, -1.6588114820826272, -0.6365472929132585, -0.2580937630877813, -1.3393133477454353, -0.5472207413322834], [0.04708975439895113, 0.052135544352974725, 0.13841533868782613, -22.03286285238657, -0.2459131618611894, -12.476843732835286, 0.10942615054432761, -0.34240666350424903, 0.1382417892244393, -0.1112773448204535, 0.12094469270688851, -0.030731110535269675, 23.307268700825343, 0.6123917787129777, 13.672021037359034, -1.4940359082337173, -0.1718011132371235, -1.5138076915440057], [0.006717007008859402, 0.301995349566738, 0.02525466080173072, 0.15805213908214716, -2.87811216201714, -0.8113630246069898, 0.6769650346086729, -1.3602999772994315, 1.3792747186297214, -2.1747997477631897, -0.13793325684508503, -1.6588114820826272, 0.6123917787129777, 4.286748878748746, 0.6424415469105065, 0.4884196120336749, -0.07998059158970096, 0.3818152472088585], [0.037814499744612304, -0.3719100722800046, 0.15109730503086888, -13.354206975592486, -1.2782046533595728, -13.08452396500521, -0.3313573476686229, 1.0193267038075993, -1.1231349939445172, -0.897398564141519, -0.09075994159339207, -0.6365472929132585, 13.672021037359034, 0.6424415469105065, 13.620110464532669, 1.2793873608137645, 0.014121784113362772, 1.031802981897739], [0.059823142805219526, 0.011589247499496158, -0.12399144995301224, -23.686467850567595, 5.210224856703608, 10.810068258710576, -0.14676499620410205, -0.05761199408651369, 0.2761879015853308, 0.2753137265104936, -0.19714576264949918, -0.2580937630877813, -1.4940359082337173, 0.4884196120336749, 1.2793873608137645, 24.87017803499201, -5.480197116396529, -11.837063277696709], [0.1027348545670811, 0.2866587192096677, 0.03678605848009782, 4.74181485502264, -4.171666301249589, -3.326396853703142, -1.1709703682602415, -1.040300477845789, 1.1740299810221715, 2.2183670908311792, -0.5606547553500022, -1.3393133477454353, -0.1718011132371235, -0.07998059158970096, 0.014121784113362772, -5.480197116396529, 5.661132073614121, 3.371738257952419], [-0.1283301865376822, -0.30200820508254433, 0.11960771906301981, 11.50895194776921, -3.882719300226378, -10.342551715378153, 0.6850382985351104, 0.8153675177806925, -0.9708164149120377, 0.8940304190002345, -0.2871472288103119, -0.5472207413322834, -1.5138076915440057, 0.3818152472088585, 1.031802981897739, -11.837063277696709, 3.371738257952419, 10.764437605355656]], "frequencies": ["374.74127098126183j", "69.69129237159676j", "(90.22503781640405+0j)", "(123.26761816129341+0j)", "(237.69188229843232+0j)", "(309.8010739918729+0j)", "(346.0627338252701+0j)", "(362.05062010289885+0j)", "(491.71103049341247+0j)", "(845.5810473252143+0j)", "(855.8515823052928+0j)", "(1216.5402745468064+0j)", "(1412.8336538893554+0j)", "(1421.2679554856572+0j)", "(1735.4424185805256+0j)", "(2958.2789833178017+0j)", "(3073.611430963067+0j)", "(3143.9393232927114+0j)"]}