{"hessian": [[3.843992058859509, -3.116054904078343, -0.9937699383844175, 1.355909818651536, 2.0827863933786714, -1.4287555989686684], [-3.116054904078343, -5.393094569050067, -6.4092009661481555, 3.3362120400213513, 6.595483817941222, -3.423269593062491], [-0.9937699383844175, -6.4092009661481555, 8.708943472034033, 2.015500623647819, 4.425164217436572, -0.49712279623462774], [1.355909818651536, 3.3362120400213513, 2.015500623647819, 3.129623901012029, -7.048428634107054, 1.190806429149562], [2.0827863933786714, 6.595483817941222, 4.425164217436572, -7.048428634107054, 4.781120594600798, 2.781676510195209], [-1.4287555989686684, -3.423269593062491, -0.49712279623462774, 1.190806429149562, 2.781676510195209, 12.085239010339832]], "frequencies": ["547.7751187358024j", "(215.99176357040585+0j)", "(282.39964934735696+0j)", "(433.71452887297005+0j)", "(502.94474142267813+0j)", "(554.0777268307172+0j)"]}